

inserted 38
inserted 7
7 38 
cannot delete 80
not found 20
inserted 19
not found 69
not found 11
cannot delete 47
not found 53
cannot delete 66
19 7 38 
inserted 74
inserted 31
inserted 34
inserted 3
3 34 31 74 19 7 38 
not found 41
inserted 99
99 3 34 31 74 19 7 38 
found 31
not found 60
cannot delete 32
cannot delete 6
not found 23
inserted 7
inserted 51
cannot delete 4
not found 43
inserted 90
found 99
inserted 4
inserted 66
inserted 48
cannot delete 47
48 66 4 90 51 7 99 3 34 31 74 19 7 38 
inserted 79
cannot delete 82
deleted 34
inserted 26
26 79 48 66 4 90 51 7 99 3 31 74 19 7 38 
not found 24
26 79 48 66 4 90 51 7 99 3 31 74 19 7 38 
not found 27
cannot delete 11
26 79 48 66 4 90 51 7 99 3 31 74 19 7 38 
inserted 42
42 26 79 48 66 4 90 51 7 99 3 31 74 19 7 38 
not found 93
inserted 8
inserted 39
cannot delete 96
not found 56
cannot delete 91
inserted 83
cannot delete 55
inserted 19
19 83 39 8 42 26 79 48 66 4 90 51 7 99 3 31 74 19 7 38 
inserted 87
87 19 83 39 8 42 26 79 48 66 4 90 51 7 99 3 31 74 19 7 38 
inserted 42
inserted 96
not found 92
not found 0
96 42 87 19 83 39 8 42 26 79 48 66 4 90 51 7 99 3 31 74 19 7 38 
inserted 94
94 96 42 87 19 83 39 8 42 26 79 48 66 4 90 51 7 99 3 31 74 19 7 38 
inserted 94
inserted 91
deleted 74
inserted 23
inserted 87
not found 43
inserted 27
inserted 28
28 27 87 23 91 94 94 96 42 87 19 83 39 8 42 26 79 48 66 4 90 51 7 99 3 31 19 7 38 
found 87
28 27 87 23 91 94 94 96 42 87 19 83 39 8 42 26 79 48 66 4 90 51 7 99 3 31 19 7 38 
not found 73
cannot delete 54
inserted 81
not found 9
inserted 1
inserted 40
cannot delete 80
inserted 85
inserted 83
not found 24
83 85 40 1 81 28 27 87 23 91 94 94 96 42 87 19 83 39 8 42 26 79 48 66 4 90 51 7 99 3 31 19 7 38 
inserted 68
inserted 49
inserted 45
inserted 36
inserted 52
cannot delete 5
deleted 39
not found 93
inserted 31
not found 47
not found 92
31 52 36 45 49 68 83 85 40 1 81 28 27 87 23 91 94 94 96 42 87 19 83 8 42 26 79 48 66 4 90 51 7 99 3 31 19 7 38 
31 52 36 45 49 68 83 85 40 1 81 28 27 87 23 91 94 94 96 42 87 19 83 8 42 26 79 48 66 4 90 51 7 99 3 31 19 7 38 
inserted 79
79 31 52 36 45 49 68 83 85 40 1 81 28 27 87 23 91 94 94 96 42 87 19 83 8 42 26 79 48 66 4 90 51 7 99 3 31 19 7 38 
79 31 52 36 45 49 68 83 85 40 1 81 28 27 87 23 91 94 94 96 42 87 19 83 8 42 26 79 48 66 4 90 51 7 99 3 31 19 7 38 
cannot delete 69
not found 61
inserted 97
97 79 31 52 36 45 49 68 83 85 40 1 81 28 27 87 23 91 94 94 96 42 87 19 83 8 42 26 79 48 66 4 90 51 7 99 3 31 19 7 38 
found 94
97 79 31 52 36 45 49 68 83 85 40 1 81 28 27 87 23 91 94 94 96 42 87 19 83 8 42 26 79 48 66 4 90 51 7 99 3 31 19 7 38 
deleted 26
97 79 31 52 36 45 49 68 83 85 40 1 81 28 27 87 23 91 94 94 96 42 87 19 83 8 42 79 48 66 4 90 51 7 99 3 31 19 7 38 
97 79 31 52 36 45 49 68 83 85 40 1 81 28 27 87 23 91 94 94 96 42 87 19 83 8 42 79 48 66 4 90 51 7 99 3 31 19 7 38 
not found 73
inserted 5
not found 35
5 97 79 31 52 36 45 49 68 83 85 40 1 81 28 27 87 23 91 94 94 96 42 87 19 83 8 42 79 48 66 4 90 51 7 99 3 31 19 7 38 
inserted 35
not found 9
35 5 97 79 31 52 36 45 49 68 83 85 40 1 81 28 27 87 23 91 94 94 96 42 87 19 83 8 42 79 48 66 4 90 51 7 99 3 31 19 7 38 
deleted 85
35 5 97 79 31 52 36 45 49 68 83 40 1 81 28 27 87 23 91 94 94 96 42 87 19 83 8 42 79 48 66 4 90 51 7 99 3 31 19 7 38 
cannot delete 95
inserted 48
inserted 14
14 48 35 5 97 79 31 52 36 45 49 68 83 40 1 81 28 27 87 23 91 94 94 96 42 87 19 83 8 42 79 48 66 4 90 51 7 99 3 31 19 7 38 
14 48 35 5 97 79 31 52 36 45 49 68 83 40 1 81 28 27 87 23 91 94 94 96 42 87 19 83 8 42 79 48 66 4 90 51 7 99 3 31 19 7 38 
14 48 35 5 97 79 31 52 36 45 49 68 83 40 1 81 28 27 87 23 91 94 94 96 42 87 19 83 8 42 79 48 66 4 90 51 7 99 3 31 19 7 38 
deleted 19
not found 26
inserted 94
found 28
94 14 48 35 5 97 79 31 52 36 45 49 68 83 40 1 81 28 27 87 23 91 94 94 96 42 87 83 8 42 79 48 66 4 90 51 7 99 3 31 19 7 38 
94 14 48 35 5 97 79 31 52 36 45 49 68 83 40 1 81 28 27 87 23 91 94 94 96 42 87 83 8 42 79 48 66 4 90 51 7 99 3 31 19 7 38 
inserted 85
inserted 73
73 85 94 14 48 35 5 97 79 31 52 36 45 49 68 83 40 1 81 28 27 87 23 91 94 94 96 42 87 83 8 42 79 48 66 4 90 51 7 99 3 31 19 7 38 
inserted 68
inserted 16
inserted 49
inserted 32
inserted 30
inserted 25
inserted 22
inserted 73
deleted 73
not found 13
found 5
