2057
2525
1014
8498
4390
8394
9867
4227
6071
4690
5780
686
58
4448
2044
3646
7191
7171
3028
1940
9747
1822
7894
901
4435
1310
2877
3235
2833
5414
3847
41
4658
1215
9704
7696
4434
5281
2127
1867
6110
8623
7695
2845
5158
1987
2609
4464
8883
8031
2074
9437
5484
4827
9898
2013
8113
4514
5316
7215
1410
1596
2667
1217
2914
8995
8567
3912
1691
1090
5506
1308
4171
8848
1533
1497
1383
5353
8757
7845
3319
4698
5884
8842
2834
5977
5162
6080
2724
4068
965
8048
8087
7996
5475
7031
958
7997
1718
1148
4476
7803
2590
237
4447
8253
9631
3327
9043
8337
9323
1388
3962
7619
5568
7757
7126
2566
7121
3697
5006
1707
8943
3016
9397
9699
3610
3581
872
2649
9099
7252
9933
1996
8347
1909
2752
6852
2221
3071
6966
56
7273
4973
5224
6574
4713
3833
1580
4753
1501
6189
8888
6265
55
9190
7202
4804
3384
367
3038
596
4912
4227
8167
7927
8012
7431
2462
6557
8599
8749
202
7591
1904
6805
9330
9402
428
4428
3809
6315
1114
5616
3915
1715
1700
5765
6590
4038
3327
9607
9469
3129
8905
4999
1556
9262
1288
615
4991
5348
5460
5977
5942
2589
8489
2461
225
5631
1632
8745
3355
2889
2232
5839
798
9640
9739
6453
6711
6243
4798
5524
5827
7203
117
4125
2579
1741
6420
6781
8428
1467
8684
5736
7917
2542
850
4259
8751
8042
3914
2626
5533
7636
4131
8812
30
6280
6227
1877
480
8960
5752
8891
5697
2265
4718
4610
4703
2273
1341
3597
7072
4479
6149
5142
9277
2680
5801
1356
504
5708
8501
1590
4268
2893
9898
3778
8453
5693
3561
1097
2672
8618
4373
4200
4596
6334
5891
7131
7000
7822
8309
3820
3474
3022
6534
753
9245
6954
3822
5980
9463
4677
7934
8908
3955
7209
9031
9804
1116
754
9952
3043
9524
6947
2614
8586
462
5897
567
6441
9819
1915
5923
6972
1368
461
8937
8833
1000
1575
7972
669
1257
6141
6760
6482
879
7082
169
4975
6760
5676
5050
4602
5788
9236
6678
6766
1965
4078
3379
6417
1939
1629
5869
569
7524
7593
8333
2805
5421
1605
7983
5740
9133
9474
6736
7161
3779
3231
8429
9679
5742
2045
8649
5114
8512
4460
9340
2881
113
7066
4891
432
5788
2906
7867
7569
738
7481
8219
8633
2480
9357
1217
7478
7053
2969
2671
6621
4045
7902
3820
7172
5191
339
2496
8869
5200
611
6789
8020
882
2379
4103
4324
2366
1296
575
3324
810
9376
3019
238
6334
7938
5639
4823
463
7307
6122
5412
2563
1807
9396
3822
1518
9112
4420
7984
518
355
7920
4815
3994
4593
2582
3451
6723
5061
3068
4350
2012
7472
3324
3821
1658
9471
7173
9189
7737
9161
3333
6354
5705
3929
1512
3542
7312
6536
8481
8416
3901
8402
198
5684
663
9453
7552
825
9024
8141
3850
6947
3235
5817
6701
2256
2056
6003
1553
2889
843
6653
7158
9183
978
8724
8476
9364
2673
7059
2634
6094
803
3950
188
1985
8385
5020
1454
4551
8963
3033
8698
9934
53
664
1737
7929
7149
3004
3733
8115
1775
6917
5568
9760
3151
9089
4922
2124
2550
4410
9414
7774
5092
1399
3767
3034
1019
1199
9796
7160
9526
1945
2415
8052
8648
6715
9126
2837
9665
6645
5396
1274
9007
1398
5155
4517
6718
572
3093
4663
738
8041
5402
6525
5447
4404
3760
2338
6533
1569
7234
2187
8293
2546
761
1274
7428
9335
2336
6040
7974
1548
750
8735
9401
5157
7834
6183
8680
6754
1259
1370
3340
1366
4025
8040
4514
5939
1616
4830
9636
6993
7465
6791
7674
2910
8745
1110
3187
8415
3930
6410
1879
3595
5357
7471
4145
5141
9472
2886
2753
7645
3169
6055
9504
3810
5188
8151
3181
3632
5274
5950
7028
86
5259
9286
2893
38
3347
1828
5690
6461
9511
6094
5118
1727
8267
135
3456
365
4930
1291
4289
3979
3574
3023
9239
161
6341
3376
2307
4091
36
103
9965
1819
3976
849
2095
5718
2137
6673
8641
725
2925
3585
2230
5014
2802
3385
7332
1990
4939
2689
3039
1779
9
5213
4783
8877
4731
743
47
184
4853
2960
822
6987
6824
6592
9414
8713
1795
8400
8145
8497
2508
6188
6910
1414
1911
5846
5628
4631
9946
21
6311
8747
8452
3230
817
5044
1939
5135
282
146
6178
7711
9680
6264
23
3948
8070
3878
6069
2345
3071
6640
5306
9856
9182
1220
6379
625
6283
687
3793
4796
1262
6531
6857
9363
9790
9674
5268
2320
1571
6718
8543
2113
4814
636
811
8620
6804
6417
2302
8729
4190
9974
6327
6641
5271
9887
5313
104
3523
2115
8418
3567
8233
2252
5537
9875
9622
9250
4636
4807
1270
177
9399
6858
127
7456
681
40
9727
728
4367
1705
3436
497
557
7383
4057
6888
6283
4980
1914
4392
4861
8837
9409
7328
9767
2700
5144
4397
9
2338
9033
9741
1617
4004
203
4879
6710
3145
246
5963
3671
5455
2850
3906
2559
7789
4941
1644
8154
131
9339
2166
2520
2742
1476
744
2894
3057
9980
4818
2788
7857
7279
7239
5916
2519
9856
2136
5515
6534
978
385
1172
1363
6761
6863
8755
9915
3852
1129
1261
3705
9319
8284
8975
9733
4963
7832
8886
8105
7107
3084
6908
4789
7875
6866
2550
6886
3495
2173
3934
7923
3830
601
8318
737
6901
9811
418
618
8644
9349
8249
7724
3883
5959
8173
1376
9919
6062
9290
8382
6686
7371
8635
7413
3722
3439
969
5124
5138
5876
3630
1375
5886
7408
143
5004
2527
8507
2062
8956
5011
6866
5722
9558
949
5956
3033
3547
9302
6082
4433
7488
8594
3221
444
9096
8016
226
9418
8229
1468
6330
7477
664
4373
7355
8486
4613
8127
630
5231
9697
7621
4066
742
1058
7472
5246
8567
2013
3026
3280
7689
379
7737
515
6869
852
3354
2282
649
6449
509
8939
4290
9781
4597
413
162
5204
8747
3408
1052
7685
8329
1305
4324
4276
1408
7722
9276
349
4411
7841
1012
1616
8548
8856
7400
6106
2511
3758
2296
8566
403
2088
1290
5527
625
2111
9832
3385
3721
1539
5039
3526
320
3051
339
6577
285
4818
6879
8964
7728
4785
7447
3945
8174
101
5845
6500
3216
1380
7060
129
4118
3517
6260
6602
9707
6201
5296
6444
4429
2882
6884
8799
7176
1024
9801
647
2286
8329
5583
3197
9008
1286
1869
1454
3222
6210
5341
4908
5426
7260
3736
2790
7081
5329
161
1505
55
418
4350
626
4658
4917
5466
1583
4970
9563
4368
3334
3142
8223
8652
1565
3345
1011
123
6157
902
1864
2360
1326
5696
2593
2756
5486
8991
3601
8970
7357
3113
8387
4295
2648
4075
9412
8868
5965
4823
8161
6542
4870
7160
3121
7722
8417
1996
8418
4722
382
8133
3309
4263
6014
4566
2534
4593
3660
9331
3204
3837
1600
1346
9728
2057
4173
1854
9714
6716
6977
6151
3353
9446
2173
8068
1939
9924
9268
1496
4998
811
2697
9978
8631
5936
2211
3647
1536
6357
1277
8669
9151
2117
2869
5642
1172
5785
4576
3674
5601
4498
2691
2693
2524
1622
7958
2063
3852
8038
9007
6816
6852
4175
8663
5498
5738
506
3382
6311
6555
5896
4960
693
9131
819
168
8603
8982
4164
1049
1957
3310
5450
7959
5752
7422
5975
2057
8639
1700
2641
8169
5748
5783
7967
8190
3844
6358
1020
179
1268
7325
3104
8619
8675
8238
2263
3603
6158
9824
859
218
5338
499
6580
5512
763
7742
2975
864
1935
178
8641
975
1470
8167
6359
6588
6734
7969
3294
3187
3854
7619
3849
4594
7763
6412
3435
2870
3123
6714
8518
9682
3366
9646
4128
6779
618
7908
8613
4780
5692
8351
4703
340
9128
2361
1806
411
6179
1909
2649
739
3549
649
1528
2963
3275
1620
349
5271
7702
8100
9238
253
8732
2679
8751
5637
8038
3392
2053
1810
1560
5264
1377
611
7052
2285
4507
325
4688
8701
5544
3544
828
5910
9964
6910
8743
5917
5773
1236
193
9826
7594
2024
7661
3047
8060
3200
6697
3824
6019
4073
400
1676
1589
7304
2924
3131
8333
53
3514
6897
2289
7085
7412
2489
6820
9763
2286
4188
7109
581
208
6354
1375
850
7531
7929
1025
5135
9660
464
6655
5621
4092
2756
2130
2077
4322
5016
1826
8854
9871
3468
1013
3383
9996
9971
7363
1239
9838
4491
2437
4417
4592
5702
5584
3143
1840
1053
9036
6475
6447
4584
1448
9861
1530
5198
6709
3423
343
9543
6644
7498
7399
3138
8782
4082
4402
5091
2241
9531
6547
1178
3142
4139
6436
1233
1725
3064
1920
5512
6857
8272
9431
7508
7763
7349
2110
3517
2285
188
3488
8320
3940
7175
5007
9720
5041
7208
7782
4453
1976
8481
2430
8530
9949
471
8017
8648
1795
7043
7398
6966
716
6668
8279
7687
2575
6125
8388
7946
4745
3666
9844
3347
7079
2068
3272
7307
7122
6636
1495
303
4206
3742
9956
6337
8652
9286
4292
947
3628
2477
6658
3745
3151
4390
4356
5799
2361
5051
4750
9181
7967
5453
4459
779
969
9954
7670
8601
8773
1648
8286
410
7949
3241
4419
943
7670
5492
432
4713
379
2329
7591
4455
6831
3117
7927
5197
1809
1035
493
2209
8279
1784
1849
7623
4196
4155
8764
2324
9153
824
6216
5407
1263
9259
6935
4825
5930
6955
6387
6449
1176
7661
1288
6643
9764
9722
2897
4830
5718
3406
7395
2587
9437
7638
5167
11
8155
5385
3490
9310
3627
6571
9948
2525
5820
3770
4730
4297
3146
5849
5075
2802
2580
3640
5026
1358
7711
5704
5659
5898
9494
6669
9500
8963
1511
6136
3056
8745
3262
6837
1333
3868
8797
5248
4355
7816
3249
5636
8436
759
6639
4933
2834
597
4453
6974
5326
8626
2674
7037
4549
7659
918
7896
8040
9011
7622
3146
1462
1231
8366
5406
544
3283
1713
1071
8987
1437
2840
4742
2604
1715
1249
4981
1319
4213
2291
1911
6256
1222
1001
3535
648
9577
109
4555
3352
6509
4864
869
5957
980
1881
6050
2060
5065
6646
7264
4109
9037
3827
7073
6794
3774
9344
1603
9255
4359
978
7014
292
2717
9250
6454
554
5449
4261
150
5920
2022
1248
124
8154
1493
3775
6499
769
9718
8075
8450
3622
3924
6435
3709
9076
9807
4759
5604
2175
9656
3179
4798
2908
6299
7250
1916
6997
8583
4858
8476
7055
8192
310
1844
1802
3792
2756
1847
3264
5066
1673
1102
2956
8268
730
5879
8393
6887
5072
9895
8472
5418
1175
6626
4046
9239
3979
5670
870
7791
3294
3455
4990
5083
6185
2323
1973
8127
2395
1172
868
3318
8920
5967
2566
7299
8201
1193
1127
2004
5919
5607
5832
6702
8294
1777
6332
5512
4404
5673
9988
7536
3045
4854
4592
6222
6618
1676
943
2624
9117
2691
8161
4311
9335
2578
1243
6420
8195
9774
1646
7799
4923
688
8473
5712
7379
4650
440
6390
1733
1768
402
3950
3801
8994
5290
3878
1800
7933
7333
1080
3239
6076
8735
8002
2182
1565
6460
6840
1300
3515
1286
6316
7191
1551
1709
310
8648
2406
1460
395
9611
415
6385
7655
226
6565
6043
621
7303
8472
3147
8034
699
2184
740
4333
3653
242
4650
4387
7689
1993
326
4814
7523
6331
3812
5850
3203
2463
9055
6803
3760
1564
8197
7366
8668
2622
479
4683
238
2976
707
2661
5626
5785
643
2486
2833
6997
1233
4607
2378
7318
8067
9932
2341
7381
9396
5052
9132
6070
4235
8315
3835
9338
8429
7308
8689
3740
7935
9606
1862
2026
117
1247
9114
6871
6386
7336
6691
2265
2791
6463
2846
2228
2192
5564
6969
4836
4669
222
9484
6325
6796
9974
5231
4915
5977
3072
6657
5675
9411
4316
8626
5634
8844
4299
3013
3425
8059
1194
514
7248
8578
1320
2384
8125
4487
9573
3245
5091
7201
9141
479
4786
8014
7917
1158
2909
1748
1625
7148
3611
8434
1849
2493
974
162
5466
4258
8318
8587
4183
3330
7943
5856
8704
519
1544
941
173
3171
3782
7479
1124
4081
9860
168
748
6024
8013
5185
6947
9371
5956
8925
4336
5207
2277
2128
8716
6677
4985
8502
4912
6867
2300
2424
2316
1264
2708
9463
2518
4750
3663
2801
5965
1687
5118
5268
915
1977
7014
1803
6901
3066
9159
7465
3047
7953
8885
8282
4032
7551
6492
6646
7801
1926
9890
3015
794
1750
5690
8514
2378
4080
6523
8995
4471
7289
9520
1350
9800
4694
2333
920
784
2655
835
2148
1008
9133
8627
8594
5199
1700
2013
8897
2928
1274
993
7127
3522
90
7983
6457
729
9896
8393
4852
7884
7041
8393
1515
8533
182
6755
8226
6760
346
2013
7059
3029
6315
3612
2573
5608
3264
1219
9773
9803
4331
2992
87
6629
3569
7927
2031
4477
8233
5846
4350
3626
4288
9558
4966
2343
7775
8659
4407
3572
6293
4840
7840
1187
1413
7028
9581
5780
7404
4523
9664
9858
6922
6927
2452
9974
6352
9924
2774
9592
7018
3233
6505
4002
2773
4147
3273
1313
6092
8767
6214
6797
8310
6074
9956
5863
5917
9023
8154
3765
3943
1212
8882
5623
4557
1478
6399
8445
1985
2005
9853
5570
5710
8353
5173
2818
947
5768
6418
7902
2756
2092
33
1253
3935
6739
8009
4269
2166
4822
8239
224
3262
9513
1816
5129
3041
2641
8191
3862
4108
8245
4777
2406
4430
8160
4632
698
7722
2871
8146
9342
7394
7443
3198
4630
1864
1826
5815
8118
2901
8047
620
1061
409
7183
9501
3133
1218
7212
1368
6903
7065
8463
2845
4456
2161
6403
2166
3452
7583
2985
9760
1822
354
7550
194
441
9195
8833
7015
2565
8857
9342
8806
4389
1825
3634
4704
1078
7911
469
8834
5125
1655
5037
7151
2444
5080
6595
9477
313
1578
9352
5049
4413
7905
1844
3830
679
6604
2091
6950
7992
4342
8951
3635
3589
258
3832
9269
4697
6760
2107
5850
2245
4057
692
3214
5648
7386
9364
1292
295
2424
9600
4214
5503
145
8061
4838
9764
3939
1470
7212
1511
4705
9039
4305
2731
4830
1364
7693
2744
7597
9990
6751
902
5399
6688
3748
4042
1826
2719
3346
3465
9417
1674
245
148
5566
638
1520
3441
1308
3144
7370
4780
4439
49
6076
6082
9845
1678
5891
4464
8933
5501
2864
1797
5061
1530
5119
6794
9809
7576
3791
8722
3593
2313
2272
8247
7326
1097
9644
6772
2565
1013
3174
6562
4522
103
551
741
4489
9174
6460
3017
3334
1670
122
510
6683
9746
2424
2657
7082
1545
4134
9502
5921
6334
4067
6136
4696
1102
7560
3316
4733
5448
8688
3341
7807
358
5312
5852
9234
5221
4923
6977
4632
9218
2252
4578
9336
5793
5883
5206
9304
590
5488
9391
8761
5228
404
6958
3829
2622
7669
9382
352
8717
2645
8083
7836
6601
7169
9303
9567
7771
4632
542
1527
7732
7558
342
6420
2244
1162
8277
6692
2003
1336
3754
1860
9687
3072
7719
8727
3387
7899
3528
2485
6562
3022
1862
9586
4365
1333
5169
614
5716
2347
9221
6520
6788
1198
3241
9399
9469
9440
7507
9583
3786
3430
2735
9988
834
6243
170
2695
9078
51
9668
4069
752
9778
15
219
2616
1087
7362
6791
8389
2911
3036
5536
4761
9957
267
4232
8323
1365
8790
5138
5767
8412
663
3358
8317
6365
3265
5912
8950
5634
621
1563
9677
6675
4429
3939
587
1901
4777
8436
7859
9481
4961
5592
3249
1214
6535
5309
6385
8042
1663
7632
601
3131
8321
6075
4750
5910
4031
9933
836
8763
9812
3586
2463
2292
9520
6241
3854
2032
2997
5332
2365
8932
27
6138
400
5679
2292
3854
3273
5152
4173
9488
5002
6972
908
6163
4611
5403
9129
9178
9249
9008
3867
7950
604
6616
1886
8586
3206
1651
2994
1992
8976
3984
8282
5192
3503
7996
7412
8289
6477
1528
6620
1380
8410
9600
2795
7137
4494
7633
1339
8212
5411
3894
7350
7903
2138
7318
6619
9685
4201
161
7422
8561
1206
1156
4990
6416
5231
8076
3857
9559
423
8315
2917
1636
1428
311
2737
8837
7812
7613
4687
2473
5788
4658
5023
8804
946
6153
6530
5821
1954
4183
4642
9840
9221
8680
8896
5159
819
2819
5747
6452
6511
3606
3311
6305
9939
9523
7731
4845
5088
6350
9697
4987
114
8097
8663
8784
9448
9654
9262
5824
3736
6406
3047
8665
223
5204
5934
3170
8263
7474
4412
5327
8086
1577
1621
6025
1776
8391
4373
6820
2380
5878
5259
2796
4980
6290
5610
5628
5950
8011
5072
6015
6675
719
2692
7347
5242
6366
1029
8591
8844
2570
6008
8676
5780
673
9876
9104
4998
8772
1836
1360
4153
2860
3267
3718
1883
6407
1566
3471
740
7549
1044
877
5173
2907
6487
7397
8757
2275
1046
1728
537
1323
9821
9591
6938
5783
9522
8575
8441
7263
6410
455
1090
9872
4596
3774
1434
7979
6470
6357
1580
410
9236
9196
7291
9865
440
4178
8586
4897
4027
6565
1313
5098
3953
6743
2050
5971
3004
5538
6261
2566
1160
8640
2294
1129
5048
2873
4271
9288
2660
9682
5522
7776
8186
9542
4259
3379
5022
7399
6847
734
265
1764
7477
454
5997
5698
135
3288
4372
1036
1298
6475
1720
4536
9408
387
8256
8028
6392
1188
4759
2466
96
2894
1564
438
2064
8628
8003
1040
4428
678
6184
1721
1127
6384
4577
3689
9442
4117
8340
8443
3404
928
594
3856
1452
8164
3039
6768
8813
7960
1857
2982
3159
1801
5785
529
3214
2844
6553
3291
2263
6384
5611
6451
5440
878
9649
2211
5595
1080
9069
9629
8479
4645
5976
5594
3186
263
8486
3097
7762
5116
25
3641
9095
3320
5442
2962
5505
1616
7957
7300
5951
9648
9684
3644
6673
936
1912
4468
8541
7205
676
4240
9832
5250
2863
1599
2731
3809
985
5738
501
9771
5983
6061
3379
9699
4025
4536
7692
4371
5047
7798
3906
8132
1364
9404
8296
1614
6781
5271
9264
5744
3909
3959
6317
8025
5512
3206
5075
8065
6688
1136
1694
8057
9653
9248
2134
232
357
8570
4307
9489
1323
2757
3175
342
2166
3745
5762
4788
1504
1700
1446
8749
9388
4978
5172
9361
8828
4652
3379
1980
7689
880
5690
9591
7669
1904
2749
2773
2788
4511
2328
1152
1724
6437
781
2796
1488
6178
1101
2222
8315
2822
5647
3619
1136
8102
497
8737
3597
340
3323
454
5714
7946
6339
5153
3213
3119
991
8355
3699
9105
4512
3852
6878
1208
1791
9872
1864
958
9551
3196
495
7315
7276
8862
7921
4381
6267
5280
2506
5286
731
2732
7056
4688
6483
917
5511
3070
430
1300
723
8085
2126
1431
5998
3399
1290
152
4322
7228
6992
3997
5415
3289
2313
764
3322
4587
7836
1692
9458
3524
8737
275
7436
7336
3454
5296
7870
4965
8966
4107
8454
5101
1639
6322
6024
7395
5619
710
4175
2214
2021
143
5028
1538
1096
3547
7265
4769
7183
6586
182
9488
5321
4547
4683
1868
9479
3743
737
2717
7164
823
5735
6788
789
3485
9224
7888
4758
1950
2091
3817
8648
7870
3883
4162
9120
6035
9721
2756
7141
8750
1419
2657
8958
7145
4545
9474
9386
2661
3346
2311
9162
1186
3688
811
8394
913
4302
6942
8401
3456
9605
1544
2203
2476
7853
6569
5776
6489
1251
9179
7218
8453
9285
9126
2265
2033
1318
5104
8146
7209
189
714
5868
5885
8339
1850
8756
5386
1685
5419
1363
1167
3317
6255
2390
7431
6487
426
597
8450
9821
3104
2443
968
9440
1202
7504
2370
2103
9936
1153
546
3662
551
6617
9551
571
280
9448
4070
8506
2906
2420
1461
2899
9775
2259
7570
9560
683
5400
1548
4555
1115
4448
6691
464
796
554
7754
2198
5543
6614
4677
7416
8646
2697
2020
8450
3135
4905
5704
790
8229
3861
9602
283
3204
8038
7197
7889
2269
5297
2794
5112
5744
6180
2274
5200
6060
428
6066
4525
1291
5401
7140
5399
5564
4141
1840
19
2220
5649
1580
3245
915
362
637
8077
4717
4392
2748
2909
6311
1252
4357
7443
2120
9805
2255
5201
7662
6639
6302
3258
7137
6152
3052
6217
9201
9829
1882
1801
1400
2752
6111
417
9929
4250
2579
1296
2271
1136
106
9098
3877
9814
1376
1753
72
5856
2410
1670
4863
8133
619
1331
6096
8603
4129
400
2870
9391
8025
8008
1075
4553
6367
6229
8253
9666
3892
4520
7795
9211
4688
4607
8548
1432
7760
4895
6941
162
8445
9035
6843
2128
2161
6333
2757
4796
8435
2881
2204
1105
7635
3129
6604
4046
7115
126
9156
4397
7649
6280
5604
9770
2029
5682
7459
7152
6738
246
4721
5947
8782
6003
988
3830
207
3261
8821
4169
8081
1754
3014
1720
8931
9745
9258
3672
7103
6684
4064
1833
9348
6338
1298
2029
6697
8090
26
9015
2769
9125
6595
4578
7853
5509
1184
4992
5295
4019
4590
814
7553
8815
1957
5739
1778
8068
8470
9169
1717
5300
6458
7125
4876
2404
4972
3376
8274
5854
7259
315
5846
3516
6336
4222
5019
8896
6280
3186
6760
1453
2121
1261
1150
2175
6475
3989
4522
5709
2454
4318
3812
7243
9711
1296
6562
4957
4459
4917
7200
9882
6527
3531
4707
8745
6460
1475
724
4964
7660
7957
8672
7878
3558
7548
2329
5991
1914
7619
5813
2360
4992
2019
7223
7285
6893
6467
8717
2133
6593
2474
1252
5088
4912
2073
6505
599
5627
8494
6696
6503
7825
6793
2761
3976
1927
2325
8458
7440
8487
9021
882
8367
292
489
7417
650
3658
4718
7327
9008
8462
8448
9813
4805
8416
7197
5767
2054
5467
8946
8552
5884
3003
350
7900
4280
6547
9967
7125
8798
5771
6935
8645
8653
2783
7985
2174
726
9745
4018
5377
925
1177
918
8481
4161
3976
5834
3590
9687
3667
4157
8131
3040
3765
2015
175
9255
8413
2031
9485
9092
5303
5977
2032
1682
5049
1785
3321
4803
1922
3411
6387
37
5312
2079
6782
5596
2783
2083
4307
7266
79
7904
4767
1435
1035
7832
1490
2045
9276
8378
1140
7797
5255
5729
468
2399
8847
6172
3166
6814
8510
9987
1792
8478
5482
9644
8888
8183
8397
2410
2062
8212
7320
9240
2772
8943
4843
8352
4405
1057
5960
3490
8052
2689
8031
970
5361
3911
944
5681
8746
1776
2730
6954
1368
676
219
5895
7868
1391
9386
7270
7040
8578
8794
7218
7661
7656
4972
5107
6639
1147
4392
5080
9846
949
561
1345
735
8063
5124
6293
2176
1504
7237
4422
8288
7689
5468
2291
7912
2019
1758
8632
1106
2529
9135
537
6796
2046
5576
9849
1479
2411
6689
6425
2822
9694
9173
9296
1661
9941
1074
2866
4422
304
4062
9542
7989
9819
2581
9738
829
852
9797
3836
2490
5419
3294
8076
3609
2431
6352
1373
419
7945
9399
4890
7974
6539
9764
9058
5790
5251
5412
5913
5141
1142
1004
1640
5203
709
7845
180
8454
5787
4834
1096
6222
4281
9693
747
1354
1124
9691
3900
6906
6219
5674
7504
6737
5080
9196
5706
4004
1594
5765
1754
3785
6136
6585
1770
5331
2958
7728
7299
8027
4162
531
9823
2340
9117
6345
7597
1250
5447
6460
5684
3858
6342
1098
4974
2531
7224
4339
2129
3945
4148
2466
1072
3187
4637
74
6590
8221
6048
1657
7609
7049
6817
787
3259
9318
9090
3592
264
5174
3626
9894
9159
5944
3367
6018
1579
8461
6521
7989
2003
846
976
1459
1003
9017
4888
5327
8535
4652
3185
3695
7083
2378
8937
4844
7888
4622
9521
691
8913
9549
362
9620
8962
8355
6397
5947
5446
6877
7497
3734
704
1144
5705
2534
8003
2555
5897
6169
6124
5587
4003
6462
7127
6996
1056
3241
1324
5996
3463
1251
9400
7088
1115
7286
7617
8989
6795
3229
5684
2858
5357
7572
9228
3962
5105
6824
9378
5873
5418
8666
3189
1997
9006
1401
8466
3594
1779
609
1466
3263
9711
6891
6083
1797
3319
1374
4616
7523
9683
961
7742
8861
2729
9566
8477
8307
8319
2589
8462
3236
300
7023
902
469
4244
4678
6471
2874
543
6344
8711
5988
3944
556
8748
920
8463
3477
2490
9327
1011
3638
5529
7022
5268
9369
887
3018
671
6951
1448
3486
6310
8272
1629
7410
1388
6689
4264
4959
1637
7900
5538
2900
391
1178
9974
7668
37
8003
6005
1271
569
694
1779
4780
9930
6658
4904
3845
724
751
6385
3055
3856
5569
9664
8485
1263
4993
8243
1212
3
4697
7797
9212
8842
4809
1970
6555
313
5012
6963
9903
6478
9654
4098
6627
1009
1899
9819
4507
8107
562
2242
3829
931
2423
2243
2184
6858
5121
4288
2793
6753
4256
2126
8623
2696
4465
7909
6499
4767
7857
9784
2748
5636
8152
209
3463
1775
41
2342
9685
7746
4068
1726
8159
7334
3618
2559
4697
5714
9811
7562
3565
2236
9194
1016
1421
3131
4020
7444
526
8603
5164
7368
3366
2548
6332
4278
1482
4708
6470
2605
7162
6341
7542
3615
9244
5715
4028
9646
2710
5416
1789
2854
3107
6119
8377
7503
1886
6601
6769
7987
2061
6017
7743
1170
7566
7260
1571
36
6229
4048
5848
1437
4063
1661
4324
6328
5406
1783
5470
917
1957
2320
1196
4435
4922
366
5466
568
8624
8584
269
4452
4272
5346
9207
6742
7716
3505
5826
3195
9073
6472
5759
4403
7107
9621
8211
8465
9938
2774
4651
9520
2912
6511
9019
1790
365
9248
6468
5783
58
6567
6583
999
637
5388
1713
2579
2959
7883
8826
9787
9160
2421
6623
4488
9295
5965
5336
1506
642
3140
9378
6002
1833
3912
1198
4322
8517
3320
2690
2156
3352
6624
613
3274
161
345
1890
9575
8334
3128
3547
1567
8145
1800
9218
6972
7931
6757
3018
1123
5371
3668
3949
6980
3878
1390
1029
3364
9336
9456
2934
3711
9740
6641
1463
4271
9434
6350
3250
9817
5382
6048
404
7468
2602
986
1
9025
8505
7178
9279
4734
4246
9180
5313
712
9583
1513
6856
7053
6746
9332
4751
3919
1832
6102
5757
7390
4909
2825
4676
144
7568
4187
5579
5707
9388
7808
1262
1757
8921
4098
6177
3627
534
8200
5283
6572
3547
668
5950
6228
9620
1220
4498
8848
8404
2609
7033
9162
3144
5790
746
4253
517
1903
4781
1269
6339
8194
2363
9705
5097
1544
3447
6736
708
6273
7687
5246
1822
8863
9031
628
5550
2700
7458
5265
7639
2458
9070
8921
6074
9803
1237
5769
2565
9812
6060
517
1091
5736
1642
9773
8460
1999
9701
9768
2599
2810
4793
8783
3788
7270
5972
3010
9827
646
6284
4438
6085
3943
1297
2518
6200
3355
855
6510
9625
9949
2191
3194
4482
8072
1988
6854
7823
6302
7868
2316
7393
9755
3822
2463
924
3151
1312
5976
4008
4500
8796
6433
4824
489
2767
3795
2221
1920
4544
9197
7123
9026
7026
3845
3419
4424
7303
4422
7006
4198
7682
6338
7077
3197
1283
5389
6318
7579
3583
4903
3339
1244
2066
3056
7437
1999
6899
398
9098
137
2975
6044
4291
5662
3374
2905
8235
2872
6527
4093
6067
8648
1937
790
7842
9044
9717
4423
9747
4297
3135
1721
9421
2722
4996
1948
4086
3537
9423
5312
2398
3489
1707
9738
383
4336
3371
4369
9124
4264
9064
339
8914
6462
886
2792
3494
1043
7095
9315
9869
4622
1852
5886
1000
7312
1249
2704
8733
3983
6445
1720
8936
3869
5062
7395
5437
2195
8085
8888
9672
3780
6737
5324
1758
9269
829
8799
228
5946
5942
6283
111
270
5108
373
9065
5078
4956
1274
2906
4624
1692
9603
8781
39
7961
4430
4980
7023
1848
6457
471
6179
8852
8642
9687
9990
9713
6363
6374
1456
8286
9035
8239
3892
7041
1585
6416
9741
1128
39
1265
4996
2470
4067
4968
7662
7075
4586
5426
2643
6046
2105
2375
5925
2400
9067
5886
5547
6158
5582
9781
7165
9209
7400
1942
8874
1867
9336
2958
5169
3003
6486
5386
5266
1717
2153
8047
268
8385
7806
4874
2098
3008
6138
9774
4736
93
8695
9694
7362
7844
1375
6652
5643
4016
9099
9956
1174
8167
9893
1369
4066
935
8131
935
8225
8685
7845
8026
1355
1784
3127
5849
4400
1966
1001
7150
5925
1438
2087
7917
6872
9839
39
2919
8850
3447
8954
1844
2729
3726
9789
4425
5061
6275
1819
709
4478
6627
530
3645
2302
647
3785
8077
9249
5038
2997
8096
7697
4288
4090
8492
5336
1860
1766
7704
1130
6826
6875
3828
3748
5047
7434
3415
8287
2207
5008
1810
5444
7886
8115
4241
5736
4986
7164
8439
3464
446
6233
6039
9792
6781
3115
3088
2685
7651
2120
1333
1259
5642
8345
4390
8199
6435
9001
3578
6505
3892
4362
8195
3926
1921
5827
9520
3006
6052
6281
9621
2662
2989
5864
6166
6456
620
4591
3861
2675
7767
5695
3372
3518
344
5033
7214
4884
1420
2026
9181
879
3196
3869
1598
4869
4964
8645
7764
1998
558
9124
2650
7356
8362
372
197
1344
7343
5531
8231
4084
9743
6315
8977
8550
1536
4507
7056
2961
3176
4565
9718
2744
8975
2906
4728
4712
5817
943
9032
2654
9647
190
3507
6486
9275
6953
1650
7565
158
8359
2383
8916
4306
8504
90
5035
8469
9773
9626
3093
1131
10
1545
5049
7462
2477
1105
8596
5180
3100
4213
8034
769
498
8007
7432
9450
122
562
2402
3091
6230
6588
6477
1875
4407
4814
6975
2798
5567
9046
337
6126
3980
959
2077
990
4327
2336
683
4014
2158
3330
1867
2395
1745
1013
9013
985
9533
8450
3939
7272
4170
1198
5031
7397
128
6185
1260
5938
2890
1199
636
4134
704
3006
2805
1253
114
8406
2552
5693
8098
465
2329
8074
8887
3659
9119
8291
8091
5971
5123
6569
9895
6221
7080
6453
7401
7313
8356
9096
9933
1131
3913
9809
3260
9488
1350
2629
8654
1932
9284
8059
1248
7770
6840
3329
3739
8950
2296
5202
4212
203
4734
764
8819
9138
3550
3245
4388
8888
5582
3736
7890
719
6206
9367
2360
7605
4626
6240
1140
3313
4809
5264
9001
3708
5406
4760
9573
7806
8300
4750
3715
1301
5322
6272
5109
8891
3343
3905
6623
2870
4723
1887
4703
231
8718
4317
1684
6710
1504
773
8876
6221
7527
6948
4595
3788
3128
2521
6833
6523
3358
7656
2410
9997
7191
8858
7633
3545
6832
9927
8984
8604
5092
6449
7444
8802
5133
9808
7334
2193
5445
336
5018
2236
5953
4090
5827
2652
1740
1615
2680
7820
9722
9919
5650
6168
1920
5404
6087
5759
4572
5989
8147
8563
9062
5892
1383
4874
5413
8395
758
4984
6607
4287
7381
7573
2185
8244
2245
4367
6195
359
2684
6690
2054
9369
2348
6452
159
9983
6526
2396
3333
6539
9902
429
5177
1542
7617
9060
7835
7000
9226
9372
3772
7462
1604
7446
4927
7912
1638
10
716
4329
2827
3694
8084
6365
9202
5137
8708
8172
2983
6430
3405
2733
7908
781
5528
7996
5990
5538
3998
3137
837
5362
5442
8032
4593
9591
1258
4720
5279
4447
2255
8584
7129
8195
701
1685
3449
3158
8098
2697
9581
2467
6319
8435
3293
3089
1494
8803
9634
3968
6506
4075
692
3821
5862
3717
1797
4328
6291
8485
9036
5932
2728
8009
7048
3858
3324
195
787
7777
1191
1414
7858
8437
2740
1843
109
9757
871
3326
3472
3385
2982
8393
9522
7788
7048
9385
2251
2133
4517
4270
8350
9235
216
6222
6120
1829
8077
6273
7086
8067
2091
3451
3997
9643
2229
237
8967
8271
4731
8559
6015
9217
5079
5970
3600
1716
9311
8897
8876
945
6221
42
6466
4608
2527
2331
2612
4783
1365
3887
2813
6941
5789
5486
7282
2839
2477
2602
9865
9343
407
2758
8511
8514
6380
8339
2041
853
122
2605
9397
4803
3829
483
9674
1003
5302
6646
1721
2847
334
7637
2701
3933
46
6019
7891
9116
9345
660
3559
9982
620
1650
1126
4153
2436
9441
4434
65
6847
6475
2569
1295
8696
5905
2915
5371
1784
542
2618
821
4902
3351
5438
5475
6051
6080
9946
7231
7241
1890
4030
7537
3114
4011
6248
8398
7477
2848
7077
5162
5045
3485
3817
3372
3461
2572
497
87
2963
4750
8355
4051
5825
3676
1402
5580
5859
8275
336
5978
7462
7461
5026
1510
7614
8439
8642
6647
2876
7200
862
9646
211
2143
7330
4831
4148
9864
6042
4276
4315
8858
7455
8863
3953
7394
8200
8927
9975
3001
2418
3239
6749
6727
8307
5920
9499
2081
8768
8793
9221
4729
4012
3430
609
9844
2646
8721
5799
8237
1666
3868
1372
115
5735
3283
5889
1715
3300
4544
9072
7167
3214
4730
4348
3393
6425
4461
667
3049
7432
7915
3623
8368
3204
9443
7949
7106
4757
7453
930
2367
7565
2686
6592
5267
8564
1328
3992
1765
7301
5791
8963
6014
6602
3422
8337
3008
6448
5589
7469
3357
6440
930
7074
4466
3022
9571
9494
4583
1515
1637
3640
246
6150
6504
7664
9447
9388
650
3180
9272
7981
5308
6273
6160
5677
6021
165
2650
9657
9181
3762
4342
8202
63
8361
2600
3262
9276
4841
9286
5840
553
4711
2810
3054
2335
625
4227
7827
4676
4902
5891
9487
3003
5566
6972
9602
5862
9869
4590
1039
2257
3102
5662
5943
8594
2574
9453
9391
3881
3639
323
7512
2563
1530
8724
8724
4162
3340
183
8568
2894
2431
10000
9302
8196
5974
9956
2703
9962
8078
8259
6684
2527
4697
2360
5851
5978
189
3690
6739
3944
9488
9526
2771
1178
8143
7269
8414
3971
3141
4690
5514
7237
5339
6622
2160
7528
6295
5264
1656
2072
286
9523
1391
3471
7072
3966
8993
6246
7597
6207
2075
330
5941
4416
9457
6069
4408
6216
6673
2317
3971
9317
8136
1529
4052
4196
2697
8922
6381
7795
496
4093
3690
3370
8953
4884
4661
7104
3396
3510
1188
8746
7002
2561
4467
8575
6428
742
3797
6100
2817
2539
2554
950
7151
7574
4340
3595
5263
843
6105
8603
7224
1447
5055
4384
4535
2553
6522
3214
1308
1277
3601
9641
4549
7942
5957
7952
7167
7389
9507
9902
5008
1771
5348
3668
1561
2915
1068
7759
8960
873
3475
495
1611
3911
8818
3623
9628
8536
2884
5016
5341
9093
290
4703
253
354
9633
7431
6993
3459
4956
7851
5957
985
5056
4078
9353
6419
6646
2134
1937
761
5622
6747
9098
3510
8850
7924
604
693
6521
2030
1869
6896
7456
699
9583
2677
2969
236
3822
6484
918
2537
3391
4881
6605
1517
8953
3719
5091
8102
5860
4577
5998
5394
5772
7214
2935
3574
9395
1026
3008
4331
7617
5612
6132
3509
9798
3125
8916
4335
1029
576
2534
2653
9241
6670
4985
4660
6051
3196
63
7386
724
2341
8540
6208
209
6450
213
1321
2302
1653
8350
5601
2172
7135
6266
5414
3187
2471
1485
4030
8347
4947
2679
5613
105
2653
9835
1263
1332
3536
2579
1602
5274
6138
6438
4492
500
5921
2032
5950
6694
8802
4701
405
4416
6835
9674
6487
3571
2394
6200
3138
6161
7196
701
2301
9457
3291
4740
211
7305
2566
2646
4476
4866
4523
5661
5347
7906
6350
4027
3164
6267
4586
6655
1688
9097
2223
7077
9560
5157
2164
6700
2985
6703
9376
3876
2873
5900
8424
1578
2496
3648
9454
6024
5005
2359
2527
4208
4678
7684
2519
502
7852
6775
8425
8719
4253
7858
1234
1641
8617
520
1574
7454
1600
9845
3525
6245
5021
171
5879
9751
1139
5801
1673
2102
5340
2899
6112
248
875
6717
6174
5509
1458
1826
8737
1506
4397
4388
6487
9770
2904
1713
701
7302
2400
4570
1348
1471
6267
8599
5820
8794
9580
312
6063
4837
7761
7248
7890
5178
1627
8740
9634
7421
1645
7445
267
6004
6641
8418
263
9264
6184
1413
8400
8076
6547
9895
1320
3815
5955
6343
563
226
8423
7230
9792
5722
8895
5574
5149
9088
9934
6524
6927
792
1849
9653
6298
1472
9398
9411
4826
3848
806
6652
5537
7116
1256
2081
9793
5037
4183
8907
2512
201
2680
8059
5618
4051
4234
3336
6086
3997
9014
2739
7848
9290
3856
839
9502
2706
9595
3284
701
9999
1837
5359
382
3868
3499
6793
730
7792
1575
9318
1727
3958
6965
7025
4275
9858
8750
8265
7077
5346
8914
8659
8877
2857
3673
4382
473
1786
9499
9589
3125
1651
5926
1487
1986
1028
2998
7166
7868
8116
1303
4432
8417
1037
6758
7326
6875
4941
9727
4573
7607
6554
1293
736
7745
260
9938
9237
2614
9712
5579
5998
2393
363
7083
652
5697
823
9399
400
692
9068
3033
5128
4721
444
1055
713
8530
8643
8359
3087
8211
2979
8298
4435
8351
2051
101
8027
8268
4421
7765
5070
1132
7972
1316
9179
4188
6324
1205
6996
4586
3785
9832
6373
4084
4220
1565
5849
1538
3682
9281
1705
1776
7859
458
7840
5355
3883
7087
4
3073
980
7663
4106
9024
3543
3820
3887
9155
8758
1675
3954
7701
9494
4685
9658
661
1481
4396
3688
5989
5409
9126
6527
6940
3853
6785
2415
564
6150
9160
5675
3917
1720
1491
1400
810
7449
2470
4204
2229
3043
1234
2397
4725
7049
1987
8589
7710
5518
1376
2187
9006
3919
5219
2053
7241
3135
9700
2242
8397
8361
5835
6165
74
1827
3935
1068
3195
5054
1332
5358
4628
5370
3671
3378
3834
8587
6851
9355
3191
6768
563
2427
1595
1193
2725
4871
5500
3715
2965
5039
79
968
4701
5279
3503
5580
1563
9628
4845
210
5731
615
1001
9929
3999
1170
2735
2584
9863
2299
4736
125
9038
2903
7509
5212
5384
6394
4782
7759
9478
8114
6523
4396
5252
4607
7647
2128
1611
1413
3787
4443
755
4921
1739
9131
8016
6669
6378
4005
19
1671
8579
464
1333
6524
6838
5234
1712
5438
6974
1289
3308
1983
9061
2652
4220
1484
4507
3192
9201
1261
3918
424
3651
3106
6671
4398
2663
6581
8996
8545
8178
3847
581
3672
2593
3374
2728
9307
8824
1048
1148
5050
3927
7523
8918
7229
1068
5177
970
153
8193
1561
1413
2649
4347
3897
4784
1501
707
255
8153
2110
5420
6005
9698
9403
189
2875
3704
1195
4091
2745
3010
2391
2474
676
5764
1251
7614
3092
1904
5745
2122
9344
355
3357
6128
625
5604
2525
9551
7961
4461
9108
7736
2817
1358
8995
276
1539
3055
298
4484
5903
2142
9812
8993
5632
8428
2960
7737
953
2072
9815
5326
6416
9605
611
6828
7741
8078
7440
7038
8809
4781
2757
6132
5387
6057
1989
3309
4755
8395
6552
6972
2606
3441
9227
3805
7694
7444
7454
1521
2390
2504
9718
8169
2173
2896
433
5615
9405
4817
7535
8968
2126
3511
3170
3937
6377
2439
6633
7074
3363
5585
8434
9468
4219
8984
1057
4616
2780
5680
893
9906
995
4276
9065
6948
2673
9542
8539
7008
7256
1596
8086
3694
6945
6368
4351
5470
8678
6641
6406
4642
3196
3030
2541
3189
8423
3798
4636
2290
7309
1888
3335
9765
1632
1217
2256
6400
3938
4452
6332
1712
8048
9729
9707
8060
657
1308
8976
5359
3005
8854
7378
1527
2565
8477
4548
458
1344
7869
9074
9703
2678
1359
374
651
9244
9261
3555
6556
8606
801
6977
3429
4597
132
984
5870
7862
9333
9408
8202
488
9440
1324
3544
630
4716
5216
3970
1144
8148
5461
6016
6707
4328
5509
6952
4320
6323
450
3782
1315
5533
2848
5788
6442
691
1199
6682
7168
1956
4503
3493
8925
9090
9466
9622
5135
5793
2941
3284
1289
45
9439
3559
1117
234
9096
4130
1666
1882
870
4140
6825
6387
1673
1598
1830
3324
2194
7481
8325
5424
6667
5730
1137
8056
7316
23
2650
8630
4594
9399
2168
751
8266
9495
4838
3522
4163
4441
5880
2547
1542
6948
8327
7614
9947
6112
8959
5256
7154
3563
9841
4
5587
4242
5017
3551
2935
9832
8355
6562
8147
3381
6869
2033
9802
2275
1726
8824
2751
4266
8043
8916
211
5635
2929
1417
7200
6414
4035
3839
8408
1323
6054
9606
1396
3361
6037
76
3989
2903
4469
216
7443
9417
95
9774
6435
3219
2024
6452
7758
9757
980
4765
6613
9997
6260
9408
9965
294
4275
7897
7379
1121
3554
47
9830
9127
6136
2727
1560
7320
841
223
94
8102
8233
5250
6303
8751
5048
9565
1064
1874
5079
1630
1432
9909
2688
4916
4865
429
5431
2646
472
723
7715
9022
9641
8792
1376
947
3235
9475
6897
4396
4014
2194
1454
4520
8171
6347
6632
7371
5404
1425
8473
4776
2577
2792
7653
947
942
7555
2742
3953
4979
8332
6638
376
5736
9764
9678
6306
257
7877
7824
2184
4905
7734
847
7177
7229
3374
3388
6344
2841
8168
1716
4144
158
491
1308
4308
7709
6612
5031
5241
5848
4909
1729
5700
671
6070
210
8469
6654
7076
1225
7519
1232
7963
6533
179
393
151
7754
9256
762
2560
2073
2255
5913
156
1006
4688
5763
3624
7352
1433
2241
95
1603
3186
8708
1660
1194
5506
7946
7027
8938
6828
3670
3930
1874
247
2891
3030
5536
2434
2050
4859
6573
9023
6721
4385
5046
8305
6124
5145
5345
7006
1363
1188
8991
5196
7563
4870
2689
5223
3613
5176
3454
8826
5883
262
4742
5993
4885
8147
3937
1128
1347
8183
7728
2562
809
4456
5218
5852
8140
6878
1730
5649
8024
1101
1970
1591
5226
7476
4524
5650
2060
2358
6496
7522
9979
8079
4098
4189
8190
9377
3138
7890
8715
6501
9566
2872
7565
4451
8081
3777
7943
1802
3124
4443
4552
1547
1098
9486
5029
7523
8461
2969
6191
233
1355
9933
4580
5580
3166
3483
9727
6312
4559
1932
5304
3479
5964
3044
6052
904
9381
6671
9866
5949
6758
6700
939
6972
4931
513
7595
224
737
4349
2388
9959
831
1893
7302
1551
5523
612
2246
6991
2940
6333
3654
3801
2044
7568
3308
1956
3871
4903
3942
1185
9171
7108
6584
4064
5630
4378
724
3936
2265
2882
7309
7818
2152
1258
7012
4914
9258
1247
4619
6284
8313
7446
7066
6455
7537
1453
883
4670
4484
5561
7908
4254
4385
1736
9974
739
4082
7380
943
3726
2044
7546
8353
3713
3646
5811
1027
1550
2960
4931
2429
8701
6127
4496
2016
338
6609
6607
7550
454
1477
315
7301
2675
813
1883
8126
9417
3891
9687
4621
3100
5258
5681
967
9678
2575
6406
6306
4894
2484
6019
4887
8295
6691
258
6499
6008
146
3912
7032
686
9952
2558
1229
4045
5235
5019
1354
5497
567
1843
4646
1250
5499
4572
3061
7513
4314
1415
1796
4050
9679
5188
2542
5517
3095
6496
8573
369
8376
6554
89
6110
5155
3487
1163
4893
7171
5461
6325
1038
9674
1463
9695
6330
3228
6370
187
4840
7690
8279
9042
4247
3143
4404
5170
1222
1818
2143
1181
5869
440
2247
6361
2042
1837
5658
5445
603
3259
7005
2376
5750
4994
4572
1779
2087
7450
3187
3414
4168
2709
2005
5572
2958
2915
7208
6644
9543
8731
6229
8000
5668
3525
9933
5173
5563
757
7062
5727
2085
3274
8428
2281
3683
8199
7898
4654
3673
9578
1968
9582
7886
4081
412
9055
1395
1754
7685
7211
3618
4998
2613
3882
7644
3883
1427
5511
5096
6187
7203
4385
7968
4187
1203
3428
8179
9128
6819
5952
4011
9194
3074
1264
5717
74
6484
6278
8976
8969
9170
9445
6648
7477
1177
6223
8127
2429
1051
896
114
5815
6068
8226
3673
861
1560
5581
3203
3137
6002
612
8617
7080
5980
1279
8741
9823
9208
9520
2404
7531
4359
3450
2489
6717
3225
1616
5821
4428
8828
7663
5036
7559
1585
4448
8354
1488
2686
7210
3761
5826
879
2034
2597
636
4961
255
9127
5190
3303
5661
296
6093
7425
7304
8961
6666
6066
9615
4947
5314
8651
7867
429
3269
9904
7851
528
4944
2128
9744
2112
7979
6200
2777
9018
4293
9280
1753
7215
6813
5403
2698
219
6784
4898
2502
6225
6037
656
4265
9425
6481
1464
7763
7789
3636
7794
3570
7321
6287
5758
3955
7787
4717
5104
1177
5710
5661
5827
692
5720
6539
6033
1006
1336
5246
6532
7736
4658
8311
1166
2971
9101
9186
8126
6876
2334
5641
3873
5601
6181
8302
2334
8357
7866
8218
7464
4141
6492
6672
4922
8388
2299
5059
1619
9512
7802
2764
898
9268
7933
1828
4941
878
6913
9324
5003
3381
7298
773
5691
8039
3775
3881
7746
956
6557
7482
5130
4427
76
7407
4523
953
8557
7336
97
5838
6093
3629
8918
3185
1727
7219
1873
3684
2324
9405
9542
9463
5599
2918
9111
5937
1824
3635
9807
2220
8778
9862
8917
7011
9450
1518
2722
4305
4182
7907
2813
2142
691
1863
6441
4305
1545
6123
6978
3294
2389
2528
277
6897
5018
5016
1017
4285
951
2638
7602
3818
9134
1416
9505
8091
4160
5016
4460
188
3989
6452
9581
7153
654
6201
1238
6211
2491
4120
8898
5278
3671
6143
3919
2047
7368
5763
1713
1171
2437
1713
6858
2162
9926
3699
6778
7489
1166
7134
7258
9233
6891
2633
6619
1938
9587
5860
9434
2068
2345
1263
4469
5902
6544
6076
8480
8849
3716
5908
4626
2092
9168
5788
7628
2681
7038
1557
2085
477
5416
8115
4437
2954
9521
4020
5324
3264
6178
104
9985
703
4530
294
6208
8026
7788
7106
9394
1731
9787
7707
8682
3981
9697
2236
7273
5388
7086
5057
1595
3342
2485
7062
5672
1097
9559
8736
536
3765
9215
9204
6169
1702
9018
3211
1013
8138
2415
8934
3826
5146
8784
3964
1803
5116
1785
231
6605
2616
2205
3496
3787
3619
6179
5241
251
9215
5463
8146
4360
9266
3434
9791
6691
5749
1692
1739
5675
5789
2091
6753
5059
4319
3229
4425
7959
3290
1061
6631
5846
7483
8107
1439
2404
1974
6846
6910
5358
7377
8595
427
2217
5001
5158
6690
3765
8125
855
169
1220
9397
4527
6514
9783
5418
2854
709
2853
6134
9518
2969
4906
8105
317
6485
5149
381
6789
1720
7813
186
3538
7391
5362
4696
4694
6460
3728
6824
6197
5843
459
7220
1401
2480
1449
5507
1089
660
1672
1615
1749
3116
3762
4722
4820
5628
899
9547
9183
1166
6236
6823
5223
180
6813
7165
8090
6605
5728
1354
1011
6288
4416
2298
102
2818
538
373
8114
7211
6479
6600
1946
6752
9542
2651
1747
1525
8436
2595
166
6644
5474
7686
4988
5756
108
3517
2330
5486
5621
2293
8742
6714
6151
8889
8994
519
4307
3561
5277
9130
9002
8270
2191
1308
8798
3959
2504
4580
2924
1447
764
913
7723
1073
9244
1971
1906
7000
827
64
2385
5745
1861
1413
1867
8447
2562
6177
5832
6747
8119
8016
8809
5873
9775
9462
1135
4146
148
9179
8972
2331
2399
9298
9549
2929
1896
7490
5719
3056
1556
5670
5907
2408
2879
9791
8812
9554
8714
9432
7716
1678
6848
1143
7707
880
7406
8407
3825
8442
9842
6280
8884
7879
8523
2978
8697
6316
2998
3228
7105
1174
5887
816
4745
6747
7953
492
7309
7877
9625
9951
674
777
2526
1898
2146
4379
3988
7597
5123
6631
2617
8932
8788
5877
6737
6735
3450
712
274
5189
78
7757
2164
9156
444
9896
445
3195
3079
8554
1402
8740
4104
3258
6982
2892
8887
6646
6737
5816
72
5267
8272
9436
6976
4811
2542
9557
4111
1546
1739
4833
8221
1393
538
7190
2157
6746
3584
8818
9008
4278
3881
8362
1165
1366
4896
6006
9179
7681
2908
9004
7233
7115
1155
3225
1878
3596
2068
600
549
3485
2225
5410
1627
6278
7879
6767
2768
4136
3681
6335
6519
1086
3379
4322
8731
6371
4252
8645
6906
7402
1450
7480
1791
9791
8282
3193
9974
6238
5732
8094
7460
3341
732
7052
3525
347
7697
6505
5433
5519
5513
4397
8761
8803
7478
4749
6182
5198
7303
9988
681
5605
1082
9785
8344
9957
8886
1365
6342
3951
3130
6116
2503
4450
6039
4726
3980
238
3963
8197
7252
7717
322
3363
604
7555
2200
8534
2573
4533
3202
5663
7873
4149
9286
1121
9900
4906
6921
1047
5116
9903
8301
6009
8461
9059
2325
8275
507
7444
5313
4438
1585
1437
1197
4973
4223
4440
9999
4827
7523
1601
5929
5309
5103
3430
2026
1942
1790
5775
5693
3865
4868
5560
3658
4427
5868
4560
329
8884
8340
3726
9417
629
3038
545
1095
6789
544
6938
5751
6321
1121
2326
9456
8651
4437
7105
2109
4859
1062
211
188
7908
3864
1773
7908
7243
3118
3440
1958
4950
3569
196
5381
9915
5345
1342
4419
7497
1674
8943
6492
1563
8870
3811
6612
1751
1301
2451
3437
4356
4693
5859
4190
635
4042
8318
3331
3450
4044
1229
2598
1328
7665
664
6614
6954
1593
2023
8910
5346
3571
9325
3805
5576
9460
4644
5398
991
5433
4841
5169
1902
4315
8503
7308
670
2061
1797
8231
7341
586
382
3573
804
2761
96
6810
9743
6381
7721
422
8136
7553
8709
4697
5873
4644
8551
9140
710
632
4217
3492
676
7938
3791
8380
4936
14
6199
8875
1287
8725
6299
2947
368
3769
7582
5732
5437
983
4467
8462
1060
849
3723
4959
8365
480
6249
6873
35
6930
5495
2490
3521
2399
6736
3922
8896
4336
8210
6185
6481
7609
8162
2975
9620
3962
9171
6384
3605
4356
4170
4559
6741
9194
7628
4870
3243
4646
2515
6727
3147
5170
2867
7856
9139
59
5258
4573
3002
7490
6221
1794
2703
8419
4544
5629
1519
9819
9240
3161
6064
8883
6871
4805
3742
8473
5308
2971
7885
1774
793
9625
7925
2234
1308
1512
7089
6320
4653
7505
5493
3219
1429
6683
4971
9946
2907
8759
1665
9709
5257
4368
8916
1381
9001
5438
8493
3340
4817
9278
1109
7898
247
2557
6596
9034
7926
6327
8468
4913
245
9113
5094
9796
703
1481
6046
1429
2283
8585
898
9729
3728
3621
6478
1404
3578
9193
9873
2095
3862
7824
9405
2433
811
366
7118
3878
8916
5815
8035
600
3754
9712
6988
4769
7395
5545
8064
7736
2978
9629
263
9683
3241
7481
5010
2254
4674
8836
3625
1780
2563
1445
66
1407
4723
7426
5758
980
3711
2891
8419
899
445
4184
4823
5792
6944
8839
1675
1264
3528
4926
246
5673
5780
4973
1929
5215
3986
6683
6123
770
4
2363
3867
8549
5095
1721
5932
724
1858
5972
1836
9039
2736
6771
8916
3257
2910
4697
6159
1148
7641
776
3167
2240
4379
2931
4929
9815
4589
3313
3504
733
4099
1053
141
447
3531
5053
227
9587
2093
8563
6465
1101
7986
4664
5920
2799
7604
3306
342
3774
8158
5565
6000
1714
5580
5269
338
9127
9910
9828
5237
6157
2838
9620
2183
3779
8039
2096
191
5676
8040
5464
7459
6054
8409
5176
6817
5431
2841
5126
9141
1445
3576
9155
1317
5364
3704
5212
6492
1181
8845
3315
9342
6613
4602
3996
7813
4072
7740
4868
3620
7480
1903
8636
360
2527
6783
7876
4208
8655
7628
6250
4835
1492
6603
9158
5949
6525
8569
6870
3018
4874
9534
2683
4396
4099
2047
3055
725
2783
367
7480
9914
3099
485
8823
930
4900
2685
8806
3559
6109
9873
1126
4675
2960
8192
4703
1500
5061
6425
7180
8907
5175
7082
5416
2489
3418
3683
8224
7982
2013
7870
9227
2283
5819
943
4631
8418
3103
9343
6688
6332
4240
1576
5189
3113
2977
5436
4356
5333
3924
757
1107
7464
7144
6946
7075
936
9470
1232
5315
9152
2242
4821
6865
1901
6900
9189
7676
1073
5150
406
5189
6348
966
4487
2778
3456
1482
2847
8695
7981
6153
2834
4161
6980
729
643
8053
4063
9102
522
5858
9187
9135
3650
2105
3658
7481
3082
3053
6293
9901
1404
1545
9
2184
2778
2270
807
4657
8375
8674
4413
1845
4644
4728
4825
9071
1008
6370
8395
8775
6099
365
5462
4779
1516
2676
709
4363
4098
9365
3546
2981
4430
8541
6070
6065
7946
3891
9005
291
9533
3347
2128
7887
6879
6312
78
1810
3857
8003
758
6632
354
4103
8137
5642
2396
5291
9914
1041
5456
3224
589
6708
3227
7971
521
3496
8943
5626
8437
2581
4995
4227
1891
640
3463
2959
1743
1367
8337
7358
6628
3216
7356
2046
7233
321
9018
2323
1387
8176
8739
2500
7293
3045
4179
376
5580
5748
2283
4627
304
417
4957
3080
949
4892
637
559
8556
1819
1418
8138
4204
4430
5175
8588
7130
8064
3074
6756
9972
1241
5220
153
5953
4749
8475
3058
8505
9246
9724
2793
30
1458
3690
9143
6783
2249
7802
6617
8432
165
3516
7627
4906
4215
6958
412
5866
2301
7077
6219
97
574
9343
1792
9902
8487
4369
757
3751
8465
1513
5446
3825
2275
629
3239
1140
796
5939
3148
1289
3594
1849
139
8520
9241
8891
7046
8795
8123
5563
5761
2564
4948
7987
2450
5809
8149
4201
7759
6944
9038
6418
2448
3429
6269
7851
9946
505
8246
5339
4255
9932
1071
3181
2401
2955
5233
566
2216
3746
44
9713
9059
9812
5983
818
61
2661
5453
8544
6631
7248
5396
107
5856
2940
9767
5782
4572
9502
4316
9461
7018
4222
9144
1533
5569
5213
8870
4267
8166
5925
4481
7831
4194
3957
544
9120
2707
5204
6550
8973
6126
2602
4960
7181
7704
3767
252
6605
8550
192
1568
1141
6746
8883
1514
9138
961
5158
4713
1637
7237
394
5304
4513
8001
4017
9266
8859
1106
7791
5827
4355
4655
1800
6988
5080
5571
3726
8820
914
1629
748
2825
9472
5624
5959
9967
5004
7391
8818
1858
4423
8437
8967
293
2511
5359
227
3111
4980
8687
1410
5734
4283
9038
6333
642
9170
5169
1794
2342
8270
6143
5002
1694
7784
2830
624
1974
7375
9784
6172
7268
2911
2318
970
5051
2476
2226
8096
8829
242
5559
7034
8637
5959
2093
1862
9169
2214
2510
3202
4701
2632
5216
4811
4469
6799
6681
5956
6560
3481
6363
1632
54
2829
1322
1752
6817
2860
9114
2403
5646
3559
5701
7279
5694
5084
1481
9206
8821
695
9080
8528
9265
1043
8504
7265
8275
8888
9767
4845
435
3750
3558
4685
6816
6068
510
2522
1507
344
4754
1788
8199
7442
1745
1789
7844
7943
8925
3754
1619
6882
1680
9003
7595
5760
107
3947
9378
3495
1908
3164
573
6245
6275
3274
4684
9902
1406
4276
4253
5220
6246
1318
1976
6034
3220
4000
8120
7332
4227
7169
1630
9908
865
2268
3924
2838
754
1273
560
4852
3505
7871
2006
2899
5958
9774
6165
7413
9439
5578
7323
5678
5668
6327
298
7675
2870
3026
3028
3135
9291
7848
1025
6471
1279
5567
6691
3558
3587
5496
2563
3518
6256
6192
7592
1819
1651
3873
6541
4754
4772
8151
4935
136
5720
7351
73
9229
2572
5214
2911
2707
214
9389
8300
2898
5244
3184
9204
3143
7939
4309
890
214
4749
2213
6199
6162
2814
9205
2957
10000
923
4475
8674
8991
5730
5088
9175
6309
3684
2723
8246
6060
6566
8922
8634
9357
9668
9114
7558
4267
5109
7270
795
9679
3685
9921
456
8242
915
2876
3588
3617
9398
3682
6189
4433
5676
807
8286
2957
2002
6411
3041
5133
3638
8895
8565
7088
8962
8354
5643
6807
5152
6832
1446
1200
8000
6914
4022
7572
2074
2128
4409
5196
1193
2656
6395
4180
4178
1879
7938
2049
4592
6890
3730
6961
2813
4539
7420
7308
3848
4515
1002
4829
6011
4975
3351
3110
2276
103
9545
8825
6817
6058
8047
8286
9027
612
8016
4537
2539
9537
6253
7257
8186
2197
14
3862
4183
8328
9232
8019
7792
7888
4284
2378
7647
2296
7246
9516
298
3964
8960
5702
9690
5401
9430
7518
6694
5759
3107
3779
6114
8702
3159
7102
8904
4883
638
2738
3694
5066
10000
1203
6659
8447
5772
3573
1469
1311
9278
4467
3566
5741
7846
2662
971
5261
5100
5082
1964
1160
2090
4603
1665
2184
6322
5564
4548
7098
6780
281
6952
3736
4370
1916
5880
1500
4728
4332
4804
445
6954
1614
8005
658
2714
5899
5416
1908
6303
4877
3277
9314
4312
4880
9868
7277
2784
1048
3968
5361
494
9954
7344
4721
7033
4055
1850
7079
4784
3967
3458
9979
5728
5759
4939
5392
4613
3887
1851
8564
4551
5116
8103
6622
7110
8257
5149
2124
9204
7363
3307
490
3010
4339
2765
1550
8297
3981
2977
3056
2822
5263
7210
6105
3093
1069
1547
2443
8444
422
8082
910
1171
7611
8677
4332
6239
7823
1502
9855
302
9469
5538
9924
7679
5039
3964
7669
7558
3808
4887
4860
8227
1760
9634
3533
1588
377
6667
4364
4648
6273
897
8606
4793
1068
7935
9483
463
7397
76
4008
8575
7439
2987
6023
7409
7453
2431
4269
1556
6830
9644
9242
1612
4741
1660
9515
8446
4167
4754
7246
850
2431
5878
2824
5881
4738
7681
7331
7834
2464
8608
3560
8959
8172
7486
1121
3315
9736
1399
1876
8817
2495
5782
6774
6739
3883
4345
3998
9090
2413
4362
3193
9277
5468
5520
8127
8956
7152
1009
8224
5947
2764
4479
3277
1621
3740
8809
197
7646
6390
6974
9390
9751
7022
2414
1218
1201
2178
9598
2207
4909
2709
7472
7213
6431
5468
6644
9324
8401
1757
6731
1491
1655
292
488
7170
3921
904
8037
4794
3196
6951
9754
7791
1228
3358
6756
5393
1807
7554
7442
5383
133
4315
5631
6910
9288
54
9420
6370
8492
7381
6625
5340
4823
9557
5324
4251
91
404
9167
6366
8862
8933
4802
2134
3613
1522
9532
2240
6753
5082
3250
6208
9466
4205
6961
5495
6048
9332
6639
9640
7791
5766
2027
5165
2646
7690
8466
784
4260
4711
6890
9057
8245
4389
8091
5754
8442
7921
7335
9294
5900
789
6542
2889
9245
3103
3379
9817
8630
9942
5850
7018
7391
7501
4323
8857
2965
8169
229
4136
1280
6068
761
4864
1159
702
5454
6393
6034
2873
3266
5025
7404
4495
4149
4138
7342
7420
5154
2795
1970
2799
6158
1711
8725
191
4181
9640
3093
4909
3
3962
6331
7785
6474
823
5352
1242
4033
3970
491
7242
884
5615
3385
8565
8939
3086
6814
7696
3806
5371
8597
5549
9599
2562
8866
7797
767
5126
2398
9905
7129
1527
576
1145
149
2779
3575
9638
2329
7004
8584
5900
6553
4071
1340
8215
7437
2064
3750
3728
8178
8401
1060
6220
4293
4497
7368
2622
6595
5440
2636
1290
2575
6472
536
6861
2849
3172
9018
6169
2389
5080
2624
6956
6073
5936
6657
9295
7655
9441
7610
5333
4608
7503
3818
9835
3785
5045
1611
6905
2146
7581
2805
8072
9958
4939
519
5663
7705
1243
5250
1824
5877
7263
9464
6271
4027
4619
588
40
3437
9144
6725
5675
2423
6030
8030
5617
7457
1237
3965
606
6963
736
127
1948
9709
5754
2223
7689
8402
311
2506
2849
9667
9584
3016
8830
3765
9328
4105
3347
9539
3161
6574
9959
5966
3746
3697
4384
4868
9995
1919
7945
4950
5991
5469
744
7356
1151
6232
6185
570
9324
9558
7848
5244
8350
2966
6477
5564
8877
9350
9154
3099
5384
6015
7315
8384
4162
7198
7501
6462
7571
3178
411
5637
6409
3881
9389
1525
1987
3686
4260
1047
8098
4268
9027
5621
2103
3717
7177
8420
6000
9917
977
7055
9072
8105
9339
1577
1396
1041
7716
297
1010
9655
4343
6595
2601
9052
6279
6454
2084
6901
1478
5493
7776
3210
4592
8897
8351
6856
6498
206
5201
8253
684
2618
8480
9976
6142
8145
5977
7211
585
25
8073
9061
8558
7385
1587
8742
2790
9049
6165
9544
5759
459
8358
8220
9757
60
9505
9483
3465
1412
4106
6701
9802
1498
4627
5861
4457
8452
9978
3675
7431
269
8465
1026
5368
2502
6016
6292
7544
7152
200
3203
3838
1319
6658
5440
1441
8739
8525
9358
3857
1908
3343
3720
8846
4617
2280
8577
1156
6185
3388
1064
2200
4348
4144
60
6584
4448
3916
7385
3468
6845
196
1826
7647
8909
4745
8119
8386
107
9904
2908
3940
1505
1628
4401
1952
5741
993
1845
3827
4931
9536
9491
6231
517
1184
1145
1705
7187
7705
7394
6953
2660
6300
724
990
3444
3029
7828
7708
8203
5816
7787
977
2
1988
7642
6292
4700
1314
2829
4454
8895
5849
7933
2674
3865
1813
2160
1899
183
8931
6350
3158
4481
4704
9867
2868
6813
1397
2944
5531
1419
8886
3173
1943
7595
4781
3953
246
990
9377
2883
3926
768
722
3687
7003
5035
842
6691
6546
5858
946
3061
2869
7099
8764
119
2757
9691
8318
7067
2037
5953
9269
2037
6908
2410
2312
6708
5796
6727
668
57
7371
9310
5880
9583
587
1809
1566
9850
7926
9363
3816
398
4565
5093
9700
4204
1816
6052
8393
6178
137
4165
4778
9628
9579
2510
9512
8262
9428
5051
185
8961
1413
2837
330
9379
9483
5734
494
7705
8458
2014
5652
4082
9382
398
6238
8207
2292
7492
3999
5410
5321
7367
6614
7977
7394
4600
8995
1954
7716
5254
2865
8330
9324
5560
8046
1643
6884
5592
307
6590
3896
5817
3150
7258
2215
8447
3955
4946
9817
804
4034
8869
4943
2292
2849
3226
8857
645
2292
5386
1006
375
7125
2472
9062
1004
2248
6706
411
2174
733
3997
992
5378
6247
4782
9742
57
4621
3020
8117
7516
6114
2497
5691
7783
7236
5405
8862
7189
8147
262
3433
2227
1812
2195
4591
9237
5387
3752
3828
8364
7312
451
5646
6612
9562
354
1239
2843
9232
7449
9854
6197
31
3442
5737
8523
7978
4112
8307
2389
3808
2553
6771
6223
7820
4661
890
7675
902
1314
2148
7308
9883
2872
749
8310
7351
7551
903
8512
2690
2179
3861
6705
3178
7433
2763
3159
8472
9040
6649
5388
5352
6739
7042
919
8716
3636
1551
5335
6729
1984
6011
3114
8020
2457
8175
6230
5864
4496
9163
3069
6894
4483
3533
1657
6181
7573
9062
2429
9977
6201
7622
7747
4860
2932
5500
4615
8470
5394
7502
4151
948
2911
5263
8930
356
8687
4389
4821
442
8536
1170
7112
3735
5232
1500
2908
5729
2720
4705
1411
1189
3161
16
9146
7427
3026
2816
4827
8621
5240
9965
3387
6222
8605
3139
9596
2291
140
6949
1936
8972
1876
2975
9577
8610
8560
7576
3132
2506
2529
1116
772
2473
286
9749
2770
5584
2113
9062
5254
630
1900
9928
8888
6223
7974
7561
2384
7917
2599
6741
8615
2196
3478
7086
7897
1072
5015
3013
3881
9076
9230
4926
8563
2467
2689
9582
6990
6086
335
9284
2718
6547
238
6910
6599
22
7031
5776
5978
8345
8514
2000
4766
8336
9604
9030
2819
7464
5123
5998
4025
1558
2314
4951
6548
7628
5462
4929
8929
1324
1773
8734
5971
9550
8991
9230
713
4863
6925
4610
771
2681
7317
6675
2312
7009
3221
5767
1687
790
5470
4515
3353
5624
2185
811
6874
4704
747
1674
4519
1426
1563
1116
3975
5921
8116
4816
9536
6660
7901
9608
5236
5818
132
4290
8450
3258
8261
9596
8303
4910
9718
2169
230
7066
3711
9371
2665
1447
8922
5011
6302
5663
1059
2704
6951
4488
872
4208
5600
5739
8860
7744
8325
5653
5089
9901
3159
3551
3667
6344
2626
268
3203
9010
4185
2006
1166
3286
7008
5624
9099
972
6929
4941
135
1068
27
8438
3237
768
9568
5699
7098
5713
2977
235
7045
2097
6112
6702
6014
177
6119
2468
1798
7411
1758
5939
3377
1255
6855
6147
1973
8735
2642
1267
5560
24
6872
6491
7432
3284
2085
433
3276
6963
6541
4436
2220
7620
3274
1908
5261
90
474
8228
6483
8873
3881
3850
2163
6096
141
3667
9551
319
4430
9168
3784
3802
1485
1843
6773
2549
4097
8863
701
1886
1520
3036
6848
5230
933
524
9570
6238
1465
2283
5311
5861
5518
3526
3546
8237
3335
9056
1364
262
9720
3214
9013
2591
5409
182
9527
4641
7146
5771
9514
3612
4830
3687
9264
5164
1102
3242
5811
8061
4352
5818
1769
1475
7150
6200
7351
6336
8153
7960
3025
5608
7403
7258
324
6099
2466
7165
4434
7005
8875
275
2006
2591
8996
4725
9861
9773
295
1039
962
1362
1564
5984
4458
162
2670
2586
3094
1037
6181
845
824
104
953
9728
6979
6001
5314
701
5686
3397
9851
6506
378
5008
416
6290
6340
8580
4143
2238
6170
2285
8151
6681
9027
7389
6535
1086
5793
3043
2547
8941
9787
5364
8552
3690
1561
6608
3621
5132
3210
4744
1891
8378
9341
9088
4568
2263
5320
9413
4768
5430
9657
6986
7104
3721
1144
4017
3456
3973
9142
5111
52
8042
7083
2039
4915
2323
6980
2730
2014
8378
2186
4071
5684
8398
8381
7473
2624
517
1195
2673
3915
2235
8415
6372
1083
4788
5416
7161
5233
8435
1413
2256
6986
5764
3469
689
3225
1040
3231
787
3108
9847
3264
1075
3764
2919
1014
9826
5015
7893
3554
1601
8444
4512
6548
3836
969
221
8226
9334
8699
9853
4455
6704
2097
7567
2227
3271
320
7575
99
4712
1563
4617
5141
8284
4964
2090
231
5643
9028
6488
6856
9550
7362
1259
5166
3378
7831
220
5182
4142
7846
4148
6963
7867
6640
9236
4368
7064
5389
7133
5945
1277
8064
536
675
6156
8729
7433
2989
8428
8546
5688
9360
5530
5269
5048
5748
1106
5798
3783
4251
1414
9318
5752
9832
441
3652
7001
3256
3163
4765
4502
7135
5712
8973
5425
8741
3848
4775
3654
1327
7584
9849
3572
2716
8972
861
589
2943
643
375
4919
3077
6080
6160
4714
4523
253
3983
1594
6765
8772
6825
2367
8605
1567
6167
572
6256
230
5493
4479
3786
7174
1768
4998
4003
930
8610
9961
3885
1859
5436
8863
3121
1960
5499
6313
7956
263
245
4629
8131
3582
6365
8698
8181
3194
2493
1313
6490
244
1252
950
3698
7012
1297
1930
3595
7249
5590
3302
3452
5697
3572
5455
2744
957
6321
5534
4103
7351
7100
5996
4818
1964
3784
5065
1094
1391
2155
7381
2525
6736
9098
3777
9130
1460
8628
1244
9620
9574
1164
2901
7441
2097
5320
917
4864
7262
618
9103
6677
2929
2075
1070
2204
4742
8192
2000
4451
4192
6652
9996
787
8689
6629
2511
3450
1665
5456
166
8691
7956
4289
8119
4707
8387
8231
5591
6490
1866
8195
1864
1323
2370
3554
4690
8984
8333
2887
4489
270
2790
7935
8840
5630
114
2697
3972
2587
6400
2612
8210
3085
2580
7658
2234
6173
3912
7761
4472
7915
3577
3285
6599
2967
5880
6811
143
2248
5835
7285
9710
7946
8334
7907
6813
487
6720
8756
3285
3486
8687
4350
8067
3819
9862
6166
5983
6988
3024
3309
7401
8722
5849
845
7073
5739
445
9823
5623
8695
8389
2514
7989
7856
1106
5353
5756
7422
5012
4527
6054
2758
8809
1156
5211
4251
9704
2673
3425
1663
4648
3837
1872
9828
9751
8111
4548
3698
709
9668
5999
3923
6211
5053
9388
4661
3903
9669
1064
3829
5901
2105
6941
4685
4994
4828
2019
3640
6392
9958
9138
1641
5252
2425
3915
1248
3263
5424
1849
6294
9380
2802
2976
9355
3828
6263
3805
8209
6277
3253
4893
6144
3793
3640
9335
4589
6868
93
4369
7414
800
2296
8886
915
6016
7887
4400
7853
1294
6105
6272
9769
3273
2274
8400
5906
6206
9931
4793
3809
367
5817
1244
5511
7935
8803
5602
8569
2524
8747
2688
7761
2596
277
3082
8918
5670
966
8692
9763
834
2522
7098
1082
3599
2202
9411
8519
7810
3039
9187
7187
6980
5288
2136
7160
8153
3915
9480
1852
6092
2552
4361
8458
9971
941
5318
14
3768
8099
8255
463
16
3393
214
1095
3289
8981
456
5939
3750
7869
6318
4560
5603
7342
9884
9639
2584
5861
3241
6395
467
7179
8033
1006
9943
789
5689
6703
2495
4825
9964
6047
4584
2718
1350
4663
1654
2657
9157
3783
34
5940
9160
6921
7708
9332
4252
2737
8323
607
7794
3664
6506
2590
5782
8871
2740
7642
8162
6233
1505
2932
9746
4952
6998
8746
120
3694
9436
8566
9598
6918
5344
5994
6559
4881
3934
3858
3256
1689
8967
9653
6709
9822
3404
2177
3631
6906
2047
5705
5917
5280
6020
934
7426
4139
4807
3602
6116
2448
9120
2724
8143
8493
4404
5294
6323
8316
8376
2543
2025
3275
9612
7426
9353
8188
5066
8308
8038
5732
4873
4285
9791
142
9527
8803
9339
9159
4143
606
4529
1716
7850
4941
1628
1409
4425
3128
9489
2839
2828
1134
1266
3664
5076
3585
8873
3198
5482
9417
8747
983
3093
6328
8959
3697
6987
827
3030
2099
5619
7584
4172
2129
223
5642
3681
1977
889
9991
3282
7316
2115
6596
8734
1610
7905
2142
7581
7765
3567
2901
6396
1278
9434
337
5915
5254
448
4955
8293
11
9672
8647
2320
539
1316
8210
705
1345
951
6342
3159
2169
1563
7528
4012
2883
2018
8725
3925
4854
3927
4270
6
1211
1361
5627
5867
9915
4837
9073
1972
4259
1858
3310
3050
3965
5253
8417
7747
7847
8141
861
4250
8744
6062
1664
861
3444
5906
4771
5787
5655
5690
7677
5262
200
9112
4374
55
314
192
6859
2535
4649
5103
6112
7740
1253
9795
5538
1255
1856
1057
2251
9151
7193
3282
7302
1010
7428
1884
648
5930
9259
8744
6313
7417
4785
945
7364
4613
8439
8579
9699
2896
5245
13
1953
5408
9414
9349
1520
4639
7352
1061
3036
9515
5748
7071
7316
5011
5143
2909
6919
9283
9450
1828
3943
6711
7362
1387
2431
6320
5684
7128
915
9413
7234
8348
359
1004
886
6274
1654
6075
9366
1036
3059
4316
9756
4778
8392
5584
566
2111
8417
8902
261
6846
4007
8118
9850
8920
2495
339
8136
6879
2850
8404
4771
6639
7104
483
4302
4742
493
2859
7524
6780
891
5720
7444
8507
1407
994
9144
4608
4018
2865
6496
5492
2922
2143
405
9902
9847
4735
9052
7361
8820
8722
4259
3391
3356
8454
8211
8091
1414
598
2097
1361
7691
6165
8279
8354
467
2779
1680
933
4132
4098
8547
3096
4706
3683
7517
333
4770
3555
281
9653
8428
9945
3021
5375
6183
2382
2735
6446
6246
4214
9682
8805
2890
4895
1641
863
9152
1112
3783
5774
6758
7690
1669
8605
6932
5614
8074
8612
8537
647
510
5429
9121
9771
8600
699
5644
4214
8076
2787
7289
4098
1255
6475
3636
6994
4090
8550
350
9376
2725
400
6375
7548
4540
9188
6630
8065
4140
1644
4038
9645
746
4819
6052
2662
1062
411
5656
468
9986
5671
3175
3282
4428
3157
3670
9461
3202
4130
4483
4703
2685
425
9930
1282
3890
855
8687
570
6969
2346
9108
5423
7394
9940
6779
6703
1125
5216
9725
9810
2510
254
3808
4693
5948
1278
7213
8144
7942
6357
2539
4901
8762
57
5633
7651
8543
8965
808
2533
5035
4415
9979
9790
9128
4518
4858
4712
7324
8151
1480
430
1844
4049
1162
3272
9362
1405
7087
495
9117
9471
767
5503
8439
6188
4821
8595
4852
2608
9755
6221
1118
4631
1837
3733
4297
2925
6735
7517
8723
5799
6409
1066
4149
4370
2921
5964
3532
6107
6200
7913
971
6366
9345
3888
4128
8831
5621
8489
266
9887
6739
1421
6849
8345
5351
2795
5820
8908
9771
4610
7768
8634
429
908
7243
8696
4768
6183
7578
9676
3961
8857
1281
2401
2308
9165
6400
3775
8656
1065
1679
2526
597
7945
7141
9641
5388
6055
7559
6390
3342
4365
1730
8275
1994
2112
5860
4149
6300
7603
1135
5577
7829
2484
1094
7124
5358
1081
9377
3842
4550
9742
1147
3574
9927
3633
2937
2670
121
9825
1738
816
6010
3817
482
2570
1370
7947
3387
6803
4505
5120
7219
7220
8330
5635
6448
2121
2778
170
6153
4091
9233
3341
9996
9713
5249
5781
9905
3869
6657
8911
1080
9237
4474
2770
5373
4564
7286
7311
581
9048
8175
869
134
2401
5389
3008
3487
6121
1640
9415
7014
5737
1079
3816
8543
7185
5790
8101
9197
4301
5194
9252
6982
3202
8688
2463
3545
8641
3846
8230
3175
29
1376
1620
5338
6359
9905
3411
7013
5595
1900
3210
1785
1455
1967
2727
9733
8666
6127
6510
8473
7892
7289
1225
7556
5990
9443
2109
2293
8736
6913
1000
3646
1957
1695
8834
6844
128
6212
638
7997
2210
8768
7808
8660
3724
2503
3218
8228
745
3747
6426
3165
4563
9180
6554
652
4538
6941
2637
2316
9955
2860
7936
6322
7421
3815
9323
4029
4835
5902
1380
7789
8733
9789
4305
646
6291
954
3314
3130
62
7425
1698
4275
7895
4148
7030
6480
427
3876
2886
2679
662
4667
2643
5286
2646
2440
6317
455
642
3285
6252
7875
71
6718
1961
5784
6239
1319
3090
9222
7664
1070
4710
9034
8236
6550
4774
584
5933
577
2026
431
9871
19
3585
8523
3446
8914
1130
6937
6597
2215
9447
1661
7876
4799
9702
3168
4858
9604
936
4650
2266
3600
6803
5627
7139
8385
472
8251
2982
6322
2204
6169
5784
7157
1241
3756
9141
7776
1939
405
5530
9370
1995
8312
2575
7537
5846
5000
5870
2112
2174
9413
9084
8804
6418
6962
4492
8502
9193
8920
9109
6517
5149
9261
2123
4167
4926
15
1034
1377
2840
4493
4497
6551
597
2984
1452
6737
3455
2948
5373
45
5529
5391
4926
8941
9043
1646
3643
5825
5447
9788
978
5007
3657
7702
5591
8715
6569
4118
1933
9701
8358
9142
7977
6358
4116
3836
3259
791
2553
8251
3963
1324
4432
6693
2583
7369
4633
2867
4358
2205
2387
8093
5612
4587
6197
954
7288
6321
3077
1153
9093
9748
1354
8127
315
9424
5175
8753
2754
7068
7341
690
6720
3144
5577
5675
5915
3996
5284
618
7248
983
7494
3653
450
2391
699
680
5688
6110
1936
4285
4746
1331
372
3257
66
5087
5149
1015
9380
7924
3666
9254
4571
2805
26
4388
7654
3820
9562
7382
4115
4717
1443
4300
5057
8106
5049
3114
5289
3044
2426
5524
1989
8553
4459
6803
8311
4928
7360
9189
7832
1523
6024
4662
7115
9684
7679
4828
381
1462
247
4017
6197
9753
7443
1482
65
1882
2668
4132
5439
5973
4717
7474
1857
9614
7613
7812
7332
3353
301
3913
8238
4578
547
6762
9961
540
3728
4353
6730
4126
8408
6563
3560
9346
3840
6865
6643
2340
6302
1624
2420
3572
7919
472
837
9060
2108
1921
9166
9961
6605
6394
66
8719
5192
3012
2930
9334
6147
6762
4936
863
4870
8739
4193
4503
8330
2432
7171
1287
9615
5143
8488
4816
1629
9218
8088
6196
5889
1888
677
3619
1542
8381
6290
2180
7634
7755
4225
3391
5024
2711
1359
1464
6597
2122
9521
2181
6558
9425
6325
1565
9695
7945
7350
1952
8310
9728
8453
1366
8348
7476
6484
5017
7401
5294
7339
8531
9444
3558
3937
6995
5876
2159
2289
6473
6113
2709
7806
4521
7758
7066
7486
3324
8328
1422
2003
7452
3811
2738
777
8410
9227
6686
3416
4822
2793
6701
5039
8391
9905
820
9093
4260
6409
352
6041
1458
7249
7415
5039
7098
8754
6023
6895
5499
4247
7412
109
8215
533
217
1714
3411
534
6699
2577
9705
9956
4035
3610
4932
5292
2674
5750
3158
1714
1099
5467
4660
14
1927
827
6416
8419
4500
1026
8310
3901
3469
9282
4254
2235
3199
2184
3469
3634
7638
8150
7828
8366
8346
9634
9999
4514
1250
4285
8343
6613
6160
3062
8054
766
3425
3242
5736
8745
6466
3511
7497
1066
8595
1530
7358
500
9826
5491
1476
8116
1111
157
1730
1636
6366
3824
7684
7953
1783
8419
8341
6296
1125
263
2489
1728
2240
1482
2920
9427
7310
6883
5543
4967
8241
6607
5090
5186
7443
1364
7531
2927
9917
6075
9193
8331
9358
4605
3788
8979
1842
872
9164
3238
343
1964
3688
3494
9890
5448
5077
1841
259
51
2398
4552
2682
4267
3273
5844
4776
9181
9556
3125
6883
8629
4045
5820
5292
9417
1266
8763
2978
9162
674
205
5885
711
3155
6938
365
7487
9954
71
1014
3021
2690
631
7288
7720
4937
362
2016
9308
7629
179
3942
7750
4316
7463
7681
1805
295
2999
1335
131
6155
2966
6120
9053
441
1177
8281
3319
7738
2514
2710
6280
8627
3949
5265
7488
4974
3113
6925
6854
4395
9282
6363
1768
3478
8506
7774
8747
2284
3436
7289
2316
658
3685
2714
3743
7855
3866
6062
2906
5190
3997
6918
8416
894
3824
7929
725
7643
7573
7144
9548
8633
2564
8833
1191
2530
4199
7234
2267
7537
4591
9866
8033
3096
1012
7689
7808
6740
7981
2287
3202
7759
49
3278
9897
9898
9147
6157
25
1191
2242
8590
1497
3852
2706
4831
2550
6478
8051
6432
7905
6792
6486
9614
5412
6751
9053
4633
2004
2874
306
9432
2623
1121
5802
3547
8650
7861
7776
2979
9251
345
5020
6287
2935
4539
680
8070
8627
9081
7544
9763
191
9821
4823
7527
3774
4495
9686
2110
7128
7751
8616
7533
400
2766
9425
2109
9908
4107
9579
2976
848
8910
8919
6156
4177
4889
9961
3169
6965
9943
1061
6748
7894
2519
312
2820
6085
6624
8878
5122
199
9793
969
9543
7821
6336
541
4430
1322
1792
112
6128
4212
7615
6469
7870
1312
4789
4656
9440
9784
3363
3178
2365
9332
3188
7893
3502
6528
9452
442
2245
421
8098
4572
311
471
3232
4021
4656
862
4016
9888
4436
5960
1873
3089
3395
9315
4604
6067
4822
2519
4301
8705
1233
883
7246
5739
8035
5249
2343
4017
3123
8186
4530
3959
5909
4732
9934
1206
8751
8111
9507
7539
5877
1111
7189
2936
5435
5106
4816
2321
3687
2596
1272
4407
489
3426
9411
2891
5088
9383
2180
5066
5241
4525
4336
5449
7285
6104
2580
8017
358
6939
7158
924
6450
3987
8461
2378
9759
149
3560
8477
1122
9384
1846
4629
4871
5922
4621
9696
6686
7509
4112
5337
8471
4838
1282
105
2897
4919
9146
4770
420
6255
9660
18
9982
9458
727
2592
3857
255
263
6053
2188
761
8528
7585
2995
4059
1704
371
9023
23
5098
1637
804
6794
3481
2115
2473
6023
7265
1206
561
9721
8849
5741
7753
7331
9839
6910
7109
2302
8270
5567
2023
584
8485
3279
3255
6164
9346
2404
1559
4253
8328
3320
8835
5135
926
7258
9744
1800
9928
6883
6945
3006
1423
3942
406
407
4953
9526
1579
7150
2229
7650
9233
9964
7395
258
9008
3558
9509
7119
6957
2688
2558
2744
8664
405
8670
4317
385
3066
4143
4902
301
8797
1196
6462
2071
5715
1359
3857
7926
5787
3349
4241
5047
3463
6259
6957
4703
8203
5790
2201
7760
9696
7135
696
8004
2311
2379
5629
987
1373
2667
2066
189
4622
1992
7241
998
5387
6912
6263
6432
6638
3619
958
7212
7207
2793
9444
4258
8379
766
1526
5557
5489
5980
3123
7642
7904
3590
6584
360
941
666
597
2418
4419
4275
1250
253
3115
6338
2651
7536
1343
8528
5240
3285
6383
8103
9627
7162
1341
4287
6843
7072
6951
8914
5568
8158
8821
7712
5895
1928
3635
9005
6877
6969
3541
2477
4110
8202
5347
5456
7463
4802
9951
9952
4964
4264
9996
376
1928
4397
9587
689
5394
866
4314
1029
8045
3068
7618
77
6330
9029
5972
3903
8520
2415
8238
6495
608
6449
609
2307
9834
7325
370
5364
4660
3235
629
4007
9444
4466
2746
7792
6297
9236
2189
8112
4216
8691
8907
4826
4509
7443
7261
7501
2126
5946
746
9604
4367
5899
1379
7133
1237
8430
490
5788
1225
2076
7730
3075
7358
2938
4185
8889
8330
1845
5201
1439
3842
4274
1442
3770
7646
3536
7289
8468
3432
1267
1344
8540
7574
9042
3587
7008
9351
8044
7581
4049
4936
7984
3103
395
5624
5836
8133
7627
8170
2618
2984
3759
4673
4954
601
7916
7411
1991
533
1906
7693
4578
1070
9774
9601
1765
5312
5448
2002
9407
859
4201
9595
5487
2393
2416
3330
8238
2497
8239
5239
1963
4895
7422
4107
6612
6562
4779
1310
7266
9466
4219
328
1539
3309
1717
5147
3233
1450
4727
5659
1671
3955
2120
994
2946
7040
8611
1612
8495
7344
3330
1231
9524
6863
5597
6544
613
3059
1767
7671
1581
5067
1900
2383
7006
3320
4654
3991
226
9182
3873
7199
4298
6055
2995
7360
6634
6793
5952
4157
6856
525
1232
1118
2408
128
3863
1886
9095
5805
3392
4233
3922
3423
5734
1834
6823
6641
5209
6464
9918
6687
5146
5880
9739
1883
3162
8008
6131
2586
3228
852
1341
6425
1226
8182
5347
1585
7265
4097
8733
7710
575
9963
8699
4783
8505
5629
654
8221
857
4522
7598
8958
2592
320
2838
9945
4948
888
5856
1610
7912
8966
6418
8894
668
3177
1952
137
9307
6981
4045
3750
4303
5783
2261
8347
2505
7481
8645
4562
9693
4039
3250
9218
9815
5966
2807
5109
4136
1419
1175
6551
5905
6555
1528
9924
624
6602
8104
5703
3598
4808
7681
234
4940
3995
4633
4198
4738
6925
7093
4898
9351
7738
2378
2549
9070
9105
9449
7151
2478
533
7228
3239
5372
2460
8378
9706
2104
1793
7262
1363
3804
8681
5345
7697
618
3167
5164
5176
5913
2931
7451
1749
6121
5810
7129
6328
1197
6542
317
8931
22
3247
6643
1809
1689
4830
5302
4057
6986
7469
2867
1236
2049
3685
8254
7423
1457
4963
7222
972
8906
7550
7947
7018
6371
1775
7827
9383
4416
5925
3092
2288
9549
2366
6793
5969
7161
5219
45
4943
6996
9328
842
3615
3799
5634
5436
2187
5414
725
921
5471
5761
8809
7486
4622
7053
8455
6619
1981
7260
2333
2968
1059
282
8227
9649
8781
545
1829
6757
5297
7315
4779
1124
9925
9009
4320
4871
7895
5600
5745
3105
8939
7618
9444
5055
7449
1984
8136
6568
9206
6256
6298
4461
3275
8314
5520
2055
9320
4085
8545
1228
2877
3271
9982
201
7018
8060
1300
1457
6831
1065
7451
3250
2710
8503
3913
1441
5283
7279
334
3544
4229
3040
6611
7735
9215
5363
9641
3596
531
6955
2301
4019
6761
263
5783
1504
1771
8317
2092
9452
8314
2275
7819
666
1761
7745
6028
6850
3008
9570
6010
9149
1549
5104
5238
6020
1363
5305
8784
7322
8484
1796
3223
8209
365
9248
760
3630
8014
3106
2971
1968
4765
4248
7068
6098
3493
5897
3356
133
37
7218
5044
5671
4868
3042
4312
6959
4763
7876
8400
5848
637
2947
3091
6298
5521
3812
7054
9311
7740
1450
462
8023
541
2075
3570
4496
7484
1717
226
9283
7973
8316
1887
5067
8616
2202
3811
9545
6199
8578
9855
5815
1307
2472
5605
9928
946
3532
5014
2833
8332
6448
673
7479
3620
1777
7407
4198
8982
2484
1855
7698
3582
6827
5961
9689
3656
5852
9134
3705
551
918
4390
5719
5612
4811
1476
8056
6750
923
8748
3900
3585
1684
2884
5364
7791
8651
2831
1352
9674
3929
1844
4464
8571
9048
1327
2387
404
138
8864
9220
2125
6783
9487
9191
856
6527
5251
3015
8970
1500
6725
3261
9227
972
280
1035
6633
363
6865
6251
2424
7003
7308
139
3484
7291
3121
7785
263
3387
7811
9711
4196
9412
3986
5404
9089
9842
2819
5642
4791
9182
1344
1437
6423
2538
6975
4287
1286
6014
9818
5115
9419
7518
4676
5013
5532
4547
1833
3483
911
9194
8374
1480
1080
8671
6269
398
5697
4739
2196
302
5453
6284
8188
1910
1677
1370
3429
608
7162
8809
6473
9908
8019
1060
2713
6545
9459
8510
5966
8985
7977
2512
8246
9473
9307
7502
8643
7830
2526
3256
4477
3898
9807
5730
4403
9360
1697
3931
718
3614
2534
193
297
7898
2618
363
618
614
8590
1024
1542
2981
9455
1486
2659
4243
776
6604
7336
8191
3032
8489
7116
7826
4013
1975
4869
5043
7584
4002
3096
4477
4487
8342
1745
3763
5565
8927
5112
7803
9656
2774
6657
6071
200
2274
3372
1311
6014
3349
1387
3812
693
5288
8404
2414
3563
6194
9977
9876
3447
2570
185
521
9262
7146
410
1402
5861
6951
3703
7425
1086
6029
1177
9779
5521
1828
7461
1000
1804
217
9383
8442
7023
200
1537
9441
7762
6609
4890
6102
9111
6432
9573
8899
6753
8326
3928
7001
8505
8338
1137
1332
5092
6502
2004
2526
1403
5886
6359
1921
182
2768
7700
3422
4297
2233
5491
650
1341
7617
9974
5045
6177
4806
8078
874
3123
2328
4957
2697
6926
9486
9423
9459
315
1299
5152
5881
4896
5305
2754
217
8543
9358
4841
8226
1032
7434
8734
9224
6817
6865
9066
7029
9935
2013
9429
9002
4087
6143
3025
2148
7053
9013
5009
4479
3727
9838
4074
6009
7585
7968
8359
6473
5354
5894
1917
4823
4904
9602
2473
207
1032
8898
8972
6896
3761
3218
9559
3057
619
1509
7547
4816
8335
6875
837
588
3352
918
4501
4298
7598
8992
5288
5559
8904
4859
6438
3917
7793
7916
9084
4082
5292
3000
2742
9317
2128
6491
4241
2253
6349
4168
5236
3609
3632
3003
7828
8069
4513
7335
5865
9541
2673
9048
4959
9408
8217
6414
481
6829
8501
7186
133
6679
1468
2911
7899
5444
6344
5358
6426
9536
6171
9325
2155
7109
4579
9894
8788
1125
2242
8710
2717
4290
7277
7778
6843
1395
559
5209
6703
3061
5106
8402
9969
9744
3077
473
2313
3997
9011
1649
475
2145
7023
1082
7162
8984
9110
561
5078
4059
5163
5104
7638
4786
3974
8137
9899
5074
305
679
3681
6332
6734
3198
4848
4403
5614
8246
7587
2126
3375
2361
1036
6526
8133
3254
1230
4752
6177
6257
2187
9325
351
1039
8842
429
8641
5908
115
4147
8416
7419
5630
4411
3679
6001
93
6052
6353
3439
4010
1073
7423
6885
3761
522
4147
3578
4427
1166
8920
5389
1542
4028
983
2463
5376
8355
8967
3497
3392
3137
2471
7936
8092
6032
7267
5150
6683
2997
7727
5704
7041
8545
2764
3423
8525
2606
8475
6474
7524
6915
2263
7391
5652
8328
7725
9186
1909
4170
4650
5606
4564
4816
4209
8428
2180
504
1533
2188
8714
7212
3717
2000
9925
3394
196
7321
5612
6391
5951
5678
2276
8210
3655
5533
5457
1178
8722
3119
1148
9015
8285
2432
2708
4453
1837
2456
5829
6220
8235
3136
7205
1180
1986
511
5481
8707
7555
8415
6498
7393
349
7467
5008
5151
7998
3061
5521
9692
7281
633
9772
2135
8520
9755
1777
5130
6864
5179
7998
5646
7419
9589
2259
8881
7185
7145
5539
242
5830
6041
1876
550
8703
4368
700
6219
7568
4219
4688
3864
2921
444
9248
617
6411
9240
5900
9825
6848
1641
1891
3188
9228
4477
2680
8988
482
1802
4634
3620
9725
367
4415
827
2806
5012
3595
913
9495
7787
2365
7041
1957
9964
6525
5539
5016
1427
6158
7076
1586
157
5224
2483
9084
5848
2838
799
8349
7193
6207
6844
853
4699
977
8255
1846
3094
1584
5088
3028
4013
7969
9567
3758
103
3367
8463
5241
4179
3449
1803
4992
3539
1977
4062
2548
6095
5710
3043
1245
6671
632
2608
8584
2234
4052
9197
3216
1454
5539
8713
9187
5989
5532
1103
3731
1961
3687
2924
1746
5347
1484
4637
9680
1286
1409
2360
2763
9250
7378
2622
844
4621
1518
5085
787
6928
8275
5110
2225
2
7849
2647
9428
3539
6096
523
1151
7337
7723
1272
7475
7560
8427
9350
9728
7074
4351
7936
2903
6681
1917
5046
5622
9732
5809
9134
3990
8875
8183
1727
9514
5483
4157
7895
8458
1698
2441
5674
5074
3545
6958
9866
8246
7015
2832
2590
717
1146
2739
6497
8136
1837
5438
9302
112
1840
5429
6129
3147
622
5570
1000
2750
6820
5762
2322
800
3821
1005
2024
2239
7665
9634
2951
760
2423
1886
908
7163
4354
8106
9365
8696
2623
6129
8777
1424
8655
1334
3135
6561
3743
2418
3733
1899
5396
4646
5259
934
4034
721
1017
7289
6596
2647
5424
6719
1350
3258
2097
9200
1872
3735
725
3058
5994
4709
5792
6717
2216
3323
4225
6879
5762
7574
4170
352
7711
5348
5274
8773
1283
8125
6639
9448
6645
6987
1871
5746
7890
9976
7809
219
1476
9253
1342
268
1166
4352
9767
6408
544
5441
2429
9553
6948
5686
3806
8095
5419
7070
3343
3625
6572
7196
8268
3225
7430
4414
3079
7990
9194
6999
5582
1771
6223
8288
7809
9914
8567
1310
4678
7284
4
8320
6569
8911
6203
9337
5728
6703
7517
5215
1501
5952
6834
5892
4098
2911
2670
6417
995
8237
4651
3169
7701
5056
8005
2191
2191
2133
1312
8654
7847
4870
3512
8416
9371
8759
1435
9218
8921
5703
6576
9785
8479
133
4459
903
159
8360
5450
8752
4879
8392
8520
3065
5367
1907
5393
7894
3806
3491
6641
9394
8262
2677
5913
3068
4948
6844
9101
7814
2390
7104
8354
3042
661
7336
1133
3256
9571
9276
8505
1536
4166
2487
3424
1392
6479
9774
5822
2131
7278
5338
2975
7869
7981
4579
5090
6786
6259
9100
5869
9445
3900
9992
1036
2647
6023
4376
4534
4972
6299
7656
3235
8441
6695
7717
6927
7574
7943
5297
5471
5206
7745
9146
7416
5233
9276
3132
1532
4390
7227
6787
4583
6325
815
6643
6760
3993
3277
7547
7854
5583
1722
4798
8688
1586
6310
3463
5216
8358
9581
9495
748
4825
7272
7116
2002
6116
7408
3834
823
6900
1853
5797
6231
303
3763
2223
2121
3338
4898
631
4394
8341
9873
2714
9683
7244
4155
8053
117
9041
618
1474
6891
9474
6912
7974
9986
6252
1903
7491
3945
9831
3728
5508
6114
9193
8528
4201
3273
9008
6957
1688
2046
859
9356
9415
5091
8691
452
7028
3157
3559
9657
8984
432
4164
8241
9116
1393
4538
7224
5027
1288
2933
9972
5944
6951
6901
2751
7496
7455
7521
2098
8256
9727
7945
1019
5339
7810
2300
8929
407
5139
5974
5007
5647
916
8081
2184
1941
889
4945
1075
9254
6588
584
6927
1795
2346
7195
6416
2041
4365
314
1973
2769
3919
7914
2423
3065
4521
667
5856
498
7553
9112
7295
4821
9636
534
5149
5062
5822
5196
2478
2054
8485
8298
8170
8617
8017
794
135
2101
8847
249
4124
1727
7407
922
8042
258
5716
5424
3104
4223
2474
3030
3758
967
433
9112
8762
7971
4155
9832
848
3965
8777
6697
9071
3117
870
285
4549
3414
6318
8759
5108
7507
255
1308
6281
6049
1984
5790
2235
4511
659
8518
6980
7883
3608
8190
4513
5194
3793
2030
8177
6812
6097
1771
2593
5894
8287
9928
9884
6770
9790
7141
911
4858
5998
4033
3571
590
8741
1538
2289
5359
1256
3544
7737
1078
5385
8031
8211
2896
12
1824
9093
4534
5719
7532
7880
8211
4360
8270
1340
9409
6730
9400
2758
6369
5111
9009
7884
1500
8890
6951
9187
1771
5938
8550
7602
5425
6482
6344
9648
7703
434
666
2196
6737
6560
9904
8762
567
1885
3562
9010
6924
7268
308
4849
7310
6355
2097
9466
6406
1194
5913
3208
676
9444
1096
5949
1202
7240
8412
225
7430
2130
5037
7909
1907
1126
7122
150
7660
3720
7554
6214
3143
6928
9415
5562
9432
5097
2152
2014
5741
4908
6642
7836
33
8702
6919
5968
7837
4739
5652
7535
5264
4016
1703
7361
2559
5334
3564
4782
8589
103
8929
4387
9132
3165
7705
1238
2892
1726
591
6915
5230
5066
3330
4469
5628
1110
2550
5302
5153
7677
8055
2276
7413
7137
8961
1137
3175
6101
3060
6633
2815
4578
6494
9763
4820
7011
3613
4641
2606
2498
3792
8174
1876
2668
1688
4778
9170
8402
7779
1307
2711
1586
416
1128
1617
1357
8219
6064
916
6701
4190
4741
5887
2467
1498
8263
769
9726
2036
8279
9056
398
2973
6448
5156
6789
3516
9939
3756
8112
7006
5775
5481
8009
7431
832
4423
4606
8924
7750
1313
3174
9921
2954
1624
1578
8170
5685
9024
8535
107
3497
1529
5513
3882
3500
2476
6953
4326
1686
487
6037
1985
9425
4813
3482
7682
2672
1115
1793
8964
4172
3848
7194
3688
9293
2857
9809
2837
6720
9401
7044
9192
1900
5567
4657
7861
5547
243
2763
6119
9724
8820
3358
6890
9662
8900
7941
8481
6057
4901
2086
7969
54
1106
6888
8563
210
8325
5053
7465
5378
2480
9811
583
6405
2135
5560
5586
8622
7600
1645
648
1122
6022
1295
71
816
1226
2931
9977
4928
3305
3920
8555
7111
5738
1901
7133
2552
9045
5812
4269
8604
3170
9411
1928
7607
5255
6420
3212
755
9052
8631
6729
3864
2622
5314
7320
1086
2136
7146
9112
3464
3311
1898
3517
290
2198
3806
6559
9352
8694
7630
1994
563
4409
4838
280
3106
5497
4332
9610
836
8941
2184
697
5912
4434
5970
154
3685
9264
6481
56
9069
795
5577
2338
2218
4612
1994
4568
3273
2545
5448
6653
1894
2069
2657
6617
650
5071
8638
2998
518
2718
570
3709
1158
1100
7132
4121
3849
8777
3102
1710
3795
9315
6608
2411
3292
1744
1947
9429
4967
7951
3731
2674
2268
4618
6354
4713
7235
1418
9346
7189
5976
1013
4883
1670
5440
6889
717
7915
5771
3750
248
7240
5276
748
2880
160
4332
5018
4838
886
6097
1299
8349
1768
3422
546
8920
2253
2009
5902
4695
2356
1695
2493
8306
4746
1042
1330
7025
534
6598
6779
6675
567
9318
8761
1533
2374
3598
9934
5879
2030
4057
1357
2222
9124
5535
2879
877
9624
2231
9341
8652
1095
4958
3336
4158
694
2674
8992
4360
2674
597
5787
8635
2484
32
2164
7784
6254
5599
7914
4953
4111
1121
1308
7550
4401
5287
2607
3898
171
6933
2557
674
2811
8226
9147
5440
4195
4482
8524
3921
7650
341
6745
8827
9811
4338
6945
9466
1750
4609
2944
3316
4798
9059
742
102
5614
14
611
4962
752
776
8225
449
9508
8782
4579
992
1445
8738
5200
4881
9165
1386
4543
3812
829
6881
3196
9274
6828
9026
401
3402
3993
9829
4636
3852
9301
3609
6871
7926
5197
8476
8492
4331
6987
6381
4529
319
5257
9584
2319
3698
5112
9431
8712
5890
1545
6656
226
1445
2332
6396
5951
1835
3972
870
4483
3866
7838
2324
9282
8049
6954
4336
7698
8631
7105
2127
6087
9039
8895
5194
5891
4118
5551
6901
9755
2827
4636
5465
1778
1491
3455
8558
2680
6327
441
9668
6790
6254
5588
6953
4346
764
6272
4996
2816
6142
2079
7634
8703
1582
6481
85
2894
4246
8071
8958
9272
3265
7783
9803
871
145
524
4487
5674
6252
458
1639
3030
4243
8894
49
8995
9440
5986
9470
9648
2414
5110
4988
4720
1676
4528
9346
6964
410
3612
5611
7231
548
2304
4374
2059
2063
4955
6992
3065
2703
3937
4641
428
4699
741
3788
3365
5860
7441
239
8234
5291
4693
8029
8564
6230
7513
767
7169
6161
9647
8306
3823
9204
29
3074
8173
5828
7205
8441
5218
2046
2746
5335
7583
1004
4803
7181
7748
201
2069
7088
2858
3071
5826
6956
5813
2142
9504
2766
9772
1998
6230
7862
5424
5008
985
6813
2569
8973
1354
1609
8994
3124
6980
6142
8569
1776
535
3991
5002
1873
9727
1717
2574
4997
3490
3234
6976
934
6605
5436
6472
2569
3670
7226
8545
1519
1130
3445
6978
9676
5836
7653
4904
4494
9520
1688
5563
7429
2713
2455
6557
5488
4446
8011
8002
8500
7220
8769
9961
4499
9795
9712
603
8140
2058
2048
7905
5086
9852
4839
516
4339
8114
4863
5252
4868
1325
2917
7191
3034
9572
1697
1362
8462
395
7371
3923
5653
1641
8181
5050
32
4712
3372
3255
6193
4844
6912
6297
8666
1654
3812
25
2025
5005
3420
7548
9938
2079
4133
2065
2860
4979
5979
4068
2271
8408
33
3466
7577
2150
7070
1279
4346
8721
9712
2692
9454
9278
781
808
8698
5820
6917
221
9196
7951
7749
9070
348
2822
2765
924
8093
2146
7718
8108
244
5425
1123
7448
3433
6934
1547
7251
8390
4276
3967
9860
2055
2144
3662
5155
7800
724
9998
810
2544
569
5993
9738
5094
9962
8952
1271
3696
1022
2184
4063
4479
674
1310
5039
5920
4968
1992
4939
8046
4632
4461
6413
2397
2174
5158
5417
3689
2827
6833
643
3673
5874
1383
291
2971
1448
2001
2790
9840
5625
5647
7482
1183
953
8431
9531
6464
8478
8613
2947
6579
2067
4082
1428
5407
9815
2981
4365
6500
9617
3730
4020
2659
4018
1148
6353
9126
8819
9509
462
631
2525
6115
7419
2775
4638
7603
512
882
3245
3092
2657
6160
9257
9869
3401
2733
704
7864
9015
8905
2701
2281
9396
6127
8681
4557
7484
6689
6392
2941
4161
6330
667
8108
7049
6267
4880
7827
710
7265
1038
425
6719
705
7502
8595
1643
9090
7017
5639
7148
5946
5848
7993
4650
7966
2894
9015
8984
3255
9790
1145
468
3860
3098
9754
5757
3595
5675
5441
7328
4916
4011
5599
6974
9068
7407
3337
4917
8870
454
2217
4670
2390
1343
2552
5740
1207
2018
2877
2383
3680
8257
636
7619
3939
5360
5933
5533
3853
3223
3874
8650
2798
892
8477
9333
4486
2249
4571
472
9100
3072
2072
8985
1362
4381
8283
2305
6951
8502
1299
8166
5667
7258
5128
7962
9775
2765
2512
9278
1858
2295
6921
4483
4748
1322
5272
9078
8787
3973
3516
5385
6947
4300
7695
3795
5137
141
9820
7372
6277
687
3200
7997
5815
5595
248
7980
2141
2081
9250
5721
9222
1216
6742
8324
1079
6031
9018
4993
592
9627
7849
2623
7361
9667
4410
6651
1648
1074
3551
3559
1469
4159
29
9860
1014
8486
9649
4374
6597
7196
8407
4590
5730
8353
9002
7507
1702
5265
5515
3378
6510
263
2015
5492
9404
1068
5715
9008
4824
1408
8230
1232
4192
2708
6710
2176
2767
8545
8117
8031
5137
2930
4382
1864
9758
9960
3178
3793
8588
1231
9636
7211
4409
2649
4244
3002
9439
202
8660
3818
7335
9556
5684
4753
1032
4188
516
5297
9309
5265
2077
2439
8433
2996
718
7498
7236
7760
841
8877
3560
5623
6449
5366
4548
4058
3441
5168
4581
690
7960
9690
2948
7871
3279
1881
2324
3334
5173
2273
5833
8268
2882
8471
4950
6405
1738
6860
3827
5476
774
5323
486
851
3428
5466
3312
9304
521
1579
4948
1778
3771
2646
4452
6806
227
1327
8419
3967
7957
8854
7976
1776
1959
8007
812
4926
647
1545
3134
6050
1343
2375
7339
522
7368
6762
908
1239
6236
9499
1581
421
9650
9627
8069
7120
8691
1161
4384
9577
5105
2641
508
2134
3804
3483
7905
3917
6623
2577
4936
3857
1118
6019
9007
3770
6118
8338
2050
1686
6570
3668
9592
840
341
3068
8939
1344
3704
5285
4931
3113
3391
6144
955
8051
5558
231
6940
6217
7922
4757
9616
585
4641
3196
8180
2054
2033
7040
2499
621
6919
2785
5018
4378
8647
4243
8846
740
8779
421
1589
3855
4038
6527
8093
5492
6558
1184
3248
4644
7490
9294
8554
1608
1719
1472
3426
3102
9841
7476
7083
3652
445
5982
1321
4174
2912
7198
3877
4275
503
7394
518
168
7566
775
6403
5113
6637
5501
5037
153
3415
7800
7319
5076
6591
6186
3613
2841
9683
8074
6890
4242
207
6416
5196
5443
7389
8219
8485
1438
9696
2001
5218
1470
4579
1676
8319
361
4689
3076
1351
7888
3729
3680
9103
7661
5167
465
9232
4275
4265
4756
5431
2739
9402
1295
6154
251
8173
450
4668
6056
4350
7628
5863
7154
9637
1259
7448
9806
4223
1902
372
8679
3170
1543
1163
8415
4355
5045
6802
1438
4030
8002
4552
4178
9075
7809
7847
6529
8123
3998
3416
623
5512
2181
8431
8480
2707
9350
8487
8069
3453
6126
9261
801
8476
805
7505
6271
9163
5983
3015
3007
3645
7330
6984
3115
8005
40
5637
1587
5276
6797
4476
4476
7595
6974
5019
4098
3851
1850
2104
5778
8734
6316
813
8334
627
4368
9252
4277
6159
1256
44
5281
5240
2155
790
6385
118
6965
1192
8973
1737
5970
2678
3789
6402
500
9139
2507
2149
4787
2297
6483
9420
622
2528
342
5692
4417
9426
1823
4543
3434
5053
4012
4158
4231
808
1041
2138
5928
3412
6250
6867
6516
2919
5472
4499
575
9806
4150
9778
9456
5985
93
8813
6971
9257
1757
9657
2533
6979
7232
8560
9262
4481
1718
8361
6160
9475
5997
8735
9660
4664
8408
4901
3262
3102
8606
9938
619
1911
3391
7470
282
743
7494
8830
38
459
2021
5705
6070
2095
3355
9617
260
9278
3697
2600
4828
5790
716
7892
979
7545
3713
7165
5376
5875
4298
4884
644
3940
8160
865
8395
4428
8689
6103
9591
476
3660
1565
1848
4512
8733
