1
2
2
3
3
4
4
4
4
6
9
9
9
10
10
11
11
12
13
14
14
14
14
14
15
15
16
16
18
19
19
19
21
22
22
23
23
23
24
25
25
25
25
26
26
27
27
29
29
29
30
30
31
32
32
33
33
33
34
35
36
36
37
37
37
38
38
39
39
39
40
40
40
41
41
42
44
44
45
45
45
46
47
47
49
49
49
51
51
52
53
53
54
54
54
55
55
55
56
56
57
57
57
58
58
59
60
60
61
62
63
63
64
65
65
66
66
66
71
71
71
72
72
73
74
74
74
76
76
76
77
78
78
79
79
85
86
87
87
89
90
90
90
91
93
93
93
93
94
95
95
96
96
97
97
99
101
101
102
102
103
103
103
103
103
104
104
104
105
105
106
107
107
107
107
108
109
109
109
111
112
112
113
114
114
114
114
115
115
117
117
117
118
119
120
121
122
122
122
123
124
125
126
127
127
128
128
128
129
131
131
132
132
133
133
133
133
134
135
135
135
135
136
137
137
137
138
139
139
140
141
141
141
142
143
143
143
144
145
145
146
146
148
148
149
149
150
150
151
152
153
153
153
154
156
157
157
158
158
159
159
160
161
161
161
161
162
162
162
162
165
165
166
166
168
168
168
169
169
170
170
171
171
173
175
177
177
178
179
179
179
180
180
182
182
182
182
183
183
184
185
185
186
187
188
188
188
188
189
189
189
189
190
191
191
191
192
192
193
193
194
195
196
196
196
197
197
198
199
200
200
200
200
201
201
201
202
202
203
203
205
206
207
207
207
208
209
209
210
210
210
211
211
211
211
213
214
214
214
216
216
217
217
217
218
219
219
219
219
220
221
221
222
223
223
223
224
224
225
225
226
226
226
226
226
226
227
227
227
228
229
230
230
231
231
231
231
232
233
234
234
235
236
237
237
238
238
238
238
239
242
242
242
243
244
244
245
245
245
246
246
246
246
246
247
247
247
248
248
248
249
251
251
252
253
253
253
253
254
255
255
255
255
257
258
258
258
258
259
260
260
261
262
262
262
263
263
263
263
263
263
263
263
263
264
265
266
267
267
268
268
268
269
269
270
270
274
275
275
276
277
277
280
280
280
281
281
282
282
282
283
285
285
286
286
290
290
291
291
292
292
292
293
294
294
295
295
295
296
297
297
298
298
298
300
301
301
302
302
303
303
304
304
305
306
307
308
310
310
311
311
311
312
312
313
313
314
314
315
315
315
315
317
317
319
319
320
320
320
321
322
323
324
325
326
328
329
330
330
333
334
334
335
336
336
337
337
338
338
339
339
339
339
340
340
341
341
342
342
342
342
343
343
344
344
345
345
346
347
348
349
349
349
350
350
351
352
352
352
354
354
354
354
355
355
356
357
358
358
359
359
360
360
361
362
362
362
363
363
363
365
365
365
365
365
366
366
367
367
367
367
368
369
370
371
372
372
372
373
373
374
375
375
376
376
376
377
378
379
379
381
381
382
382
382
383
385
385
387
391
393
394
395
395
395
398
398
398
398
398
400
400
400
400
400
400
401
402
403
404
404
404
404
405
405
405
405
406
406
407
407
407
409
410
410
410
410
411
411
411
411
412
412
413
415
416
416
417
417
418
418
419
420
421
421
421
422
422
423
424
425
425
426
427
427
428
428
428
429
429
429
429
429
430
430
431
432
432
432
433
433
433
434
435
438
440
440
440
441
441
441
441
442
442
444
444
444
444
445
445
445
445
445
446
447
448
449
450
450
450
451
452
454
454
454
454
455
455
456
456
458
458
458
459
459
459
461
462
462
462
463
463
463
464
464
464
465
465
467
467
468
468
468
469
469
471
471
471
472
472
472
472
473
473
474
475
476
477
479
479
480
480
481
482
482
483
483
485
486
487
487
488
488
489
489
489
490
490
491
491
492
493
493
494
494
495
495
495
496
497
497
497
498
498
499
500
500
500
501
502
503
504
504
505
506
507
508
509
510
510
510
511
512
513
514
515
516
516
517
517
517
517
518
518
518
519
519
519
520
521
521
521
522
522
522
523
524
524
525
526
528
529
530
531
531
533
533
533
534
534
534
534
535
536
536
536
537
537
538
538
539
540
541
541
542
542
543
544
544
544
544
545
545
546
546
547
548
549
550
551
551
551
553
554
554
556
557
558
559
559
560
561
561
561
562
562
563
563
563
564
566
566
567
567
567
567
568
569
569
569
570
570
570
571
572
572
573
574
575
575
575
576
576
577
581
581
581
583
584
584
584
585
585
586
587
587
588
588
589
589
590
590
591
592
594
596
597
597
597
597
597
597
598
599
600
600
601
601
601
603
603
604
604
604
606
606
607
608
608
609
609
609
611
611
611
611
612
612
612
613
613
614
614
615
615
617
618
618
618
618
618
618
618
619
619
619
620
620
620
621
621
621
622
622
623
624
624
625
625
625
625
626
627
628
629
629
629
630
630
630
631
631
631
632
632
633
635
636
636
636
636
637
637
637
637
638
638
638
640
642
642
642
643
643
643
643
644
645
646
646
647
647
647
647
648
648
648
649
649
650
650
650
650
651
652
652
654
654
656
657
658
658
659
660
660
661
661
662
663
663
664
664
664
666
666
666
667
667
667
668
668
668
669
670
671
671
673
673
674
674
674
674
675
676
676
676
676
676
677
678
679
679
680
680
681
681
683
683
684
686
686
687
687
688
689
689
690
690
691
691
691
692
692
692
692
693
693
693
694
694
695
696
697
698
699
699
699
699
700
701
701
701
701
701
701
702
703
703
704
704
704
705
705
707
707
708
709
709
709
709
709
710
710
710
711
712
712
713
713
714
716
716
716
717
717
718
718
719
719
721
722
723
723
724
724
724
724
724
724
724
725
725
725
725
725
726
727
728
729
729
730
730
731
732
733
733
734
735
736
736
737
737
737
738
738
739
739
740
740
740
741
741
742
742
742
743
743
744
744
745
746
746
746
747
747
748
748
748
748
749
750
751
751
752
752
753
754
754
755
755
757
757
757
758
758
759
760
760
761
761
761
761
762
763
764
764
764
764
766
766
767
767
767
768
768
769
769
769
770
771
772
773
773
774
775
776
776
776
777
777
779
781
781
781
784
784
787
787
787
787
787
789
789
789
790
790
790
790
791
792
793
794
794
795
795
796
796
798
799
800
800
801
801
803
804
804
804
805
806
807
807
808
808
808
809
810
810
810
811
811
811
811
811
812
813
813
814
815
816
816
816
817
818
819
819
820
821
822
823
823
823
823
824
824
825
827
827
827
827
828
829
829
829
831
832
834
834
835
836
836
837
837
837
839
840
841
841
842
842
843
843
844
845
845
846
847
848
848
849
849
850
850
850
851
852
852
852
853
853
855
855
855
856
857
859
859
859
861
861
861
861
862
862
863
863
864
865
865
866
868
869
869
870
870
870
870
871
871
872
872
872
873
874
875
877
877
878
878
879
879
879
880
880
882
882
882
883
883
884
886
886
886
887
888
889
889
890
890
891
892
893
894
896
897
898
898
899
899
901
902
902
902
902
903
903
904
904
908
908
908
908
910
911
911
913
913
913
914
915
915
915
915
915
916
916
917
917
917
918
918
918
918
918
919
920
920
921
922
923
923
924
924
924
925
926
928
930
930
930
930
931
933
933
934
934
934
935
935
936
936
936
939
941
941
941
942
943
943
943
943
943
944
945
945
946
946
946
947
947
947
947
948
949
949
949
950
950
951
951
953
953
953
953
954
954
955
956
957
958
958
958
959
961
961
962
965
966
966
967
967
968
968
969
969
969
969
970
970
970
971
971
972
972
972
974
975
976
977
977
977
978
978
978
978
979
980
980
980
980
983
983
983
983
984
985
985
985
985
986
987
988
990
990
990
991
991
992
992
993
993
994
994
995
995
998
999
1000
1000
1000
1000
1000
1001
1001
1001
1002
1003
1003
1004
1004
1004
1004
1005
1006
1006
1006
1006
1008
1008
1009
1009
1010
1010
1011
1011
1011
1012
1012
1013
1013
1013
1013
1013
1014
1014
1014
1014
1015
1016
1017
1017
1019
1019
1020
1022
1024
1024
1025
1025
1026
1026
1026
1027
1028
1029
1029
1029
1029
1032
1032
1032
1034
1035
1035
1035
1036
1036
1036
1036
1037
1037
1038
1038
1039
1039
1039
1040
1040
1041
1041
1041
1042
1043
1043
1044
1046
1047
1047
1048
1048
1049
1051
1052
1053
1053
1055
1056
1057
1057
1057
1058
1059
1059
1060
1060
1060
1061
1061
1061
1061
1062
1062
1064
1064
1064
1065
1065
1066
1066
1068
1068
1068
1068
1068
1068
1069
1070
1070
1070
1071
1071
1072
1072
1073
1073
1073
1074
1074
1075
1075
1075
1078
1078
1079
1079
1080
1080
1080
1080
1081
1082
1082
1082
1083
1086
1086
1086
1086
1087
1089
1090
1090
1091
1094
1094
1095
1095
1095
1096
1096
1096
1097
1097
1097
1098
1098
1099
1100
1101
1101
1101
1102
1102
1102
1103
1105
1105
1106
1106
1106
1106
1106
1107
1109
1110
1110
1111
1111
1112
1114
1115
1115
1115
1116
1116
1116
1117
1118
1118
1118
1121
1121
1121
1121
1121
1121
1122
1122
1123
1123
1124
1124
1124
1125
1125
1125
1126
1126
1126
1127
1127
1128
1128
1128
1129
1129
1130
1130
1130
1131
1131
1132
1133
1134
1135
1135
1136
1136
1136
1137
1137
1137
1139
1140
1140
1140
1141
1142
1143
1144
1144
1144
1145
1145
1145
1146
1147
1147
1148
1148
1148
1148
1148
1150
1151
1151
1152
1153
1153
1155
1156
1156
1156
1158
1158
1159
1160
1160
1161
1162
1162
1163
1163
1164
1165
1166
1166
1166
1166
1166
1166
1167
1170
1170
1170
1171
1171
1172
1172
1172
1174
1174
1175
1175
1176
1177
1177
1177
1177
1177
1178
1178
1178
1178
1180
1181
1181
1183
1184
1184
1184
1185
1186
1187
1188
1188
1188
1189
1191
1191
1191
1192
1193
1193
1193
1194
1194
1194
1195
1195
1196
1196
1197
1197
1198
1198
1198
1199
1199
1199
1200
1201
1202
1202
1203
1203
1205
1206
1206
1206
1207
1208
1211
1212
1212
1214
1215
1216
1217
1217
1217
1218
1218
1219
1220
1220
1220
1222
1222
1225
1225
1225
1226
1226
1228
1228
1229
1229
1230
1231
1231
1231
1232
1232
1232
1232
1233
1233
1233
1234
1234
1236
1236
1237
1237
1237
1238
1238
1239
1239
1239
1241
1241
1242
1243
1243
1244
1244
1244
1245
1247
1247
1248
1248
1248
1249
1249
1250
1250
1250
1250
1251
1251
1251
1252
1252
1252
1253
1253
1253
1255
1255
1255
1256
1256
1256
1257
1258
1258
1259
1259
1259
1259
1260
1261
1261
1261
1262
1262
1263
1263
1263
1263
1264
1264
1264
1265
1266
1266
1267
1267
1268
1269
1270
1271
1271
1272
1272
1273
1274
1274
1274
1274
1277
1277
1277
1278
1278
1279
1279
1279
1280
1281
1282
1282
1283
1283
1286
1286
1286
1286
1287
1287
1288
1288
1288
1289
1289
1289
1290
1290
1290
1291
1291
1292
1293
1294
1295
1295
1295
1296
1296
1296
1297
1297
1298
1298
1299
1299
1299
1300
1300
1300
1301
1301
1303
1305
1307
1307
1308
1308
1308
1308
1308
1308
1308
1308
1308
1310
1310
1310
1310
1311
1311
1312
1312
1312
1313
1313
1313
1313
1314
1314
1315
1316
1316
1317
1318
1318
1319
1319
1319
1320
1320
1321
1321
1322
1322
1322
1323
1323
1323
1323
1324
1324
1324
1324
1325
1326
1327
1327
1327
1328
1328
1330
1331
1331
1332
1332
1332
1333
1333
1333
1333
1334
1335
1336
1336
1339
1340
1340
1341
1341
1341
1341
1342
1342
1343
1343
1343
1344
1344
1344
1344
1344
1345
1345
1346
1347
1348
1350
1350
1350
1350
1351
1352
1354
1354
1354
1354
1354
1355
1355
1356
1357
1357
1358
1358
1359
1359
1359
1360
1361
1361
1362
1362
1362
1363
1363
1363
1363
1363
1364
1364
1364
1364
1365
1365
1365
1366
1366
1366
1367
1368
1368
1368
1369
1370
1370
1370
1372
1373
1373
1374
1375
1375
1375
1376
1376
1376
1376
1376
1377
1377
1379
1380
1380
1380
1381
1383
1383
1383
1386
1387
1387
1387
1388
1388
1390
1391
1391
1391
1392
1393
1393
1395
1395
1396
1396
1397
1398
1399
1399
1400
1400
1401
1401
1402
1402
1402
1403
1404
1404
1405
1406
1407
1407
1408
1408
1409
1409
1410
1410
1411
1412
1413
1413
1413
1413
1413
1413
1413
1414
1414
1414
1414
1415
1416
1417
1418
1418
1419
1419
1419
1420
1421
1421
1422
1423
1424
1425
1426
1427
1427
1428
1428
1429
1429
1431
1432
1432
1433
1434
1435
1435
1437
1437
1437
1437
1438
1438
1438
1439
1439
1441
1441
1442
1443
1445
1445
1445
1445
1446
1446
1447
1447
1447
1448
1448
1448
1449
1450
1450
1450
1452
1452
1453
1453
1454
1454
1454
1454
1455
1456
1457
1457
1458
1458
1458
1459
1460
1460
1461
1462
1462
1463
1463
1464
1464
1465
1466
1467
1468
1468
1469
1469
1470
1470
1470
1471
1472
1472
1474
1475
1475
1476
1476
1476
1476
1477
1478
1478
1479
1480
1480
1481
1481
1481
1482
1482
1482
1482
1484
1484
1485
1485
1486
1487
1488
1488
1490
1491
1491
1491
1492
1493
1494
1495
1496
1497
1497
1498
1498
1500
1500
1500
1500
1500
1501
1501
1501
1502
1504
1504
1504
1504
1505
1505
1505
1506
1506
1507
1509
1510
1511
1511
1512
1512
1513
1513
1514
1515
1515
1516
1517
1518
1518
1518
1519
1519
1520
1520
1520
1521
1522
1523
1525
1525
1526
1527
1527
1527
1528
1528
1528
1529
1529
1530
1530
1530
1530
1532
1533
1533
1533
1533
1536
1536
1536
1537
1538
1538
1538
1539
1539
1539
1542
1542
1542
1542
1542
1543
1544
1544
1544
1545
1545
1545
1545
1545
1545
1546
1547
1547
1547
1548
1548
1549
1550
1550
1551
1551
1551
1553
1556
1556
1556
1557
1558
1559
1560
1560
1560
1561
1561
1561
1563
1563
1563
1563
1563
1563
1564
1564
1564
1565
1565
1565
1565
1565
1566
1566
1567
1567
1568
1569
1571
1571
1574
1575
1575
1576
1577
1577
1578
1578
1578
1579
1579
1579
1580
1580
1580
1581
1581
1582
1583
1584
1585
1585
1585
1585
1586
1586
1586
1587
1587
1588
1589
1589
1590
1591
1593
1594
1594
1595
1595
1596
1596
1598
1598
1599
1600
1600
1601
1601
1602
1603
1603
1604
1605
1608
1609
1610
1610
1611
1611
1611
1612
1612
1614
1614
1615
1615
1616
1616
1616
1616
1617
1617
1619
1619
1620
1620
1621
1621
1622
1624
1624
1625
1627
1627
1628
1628
1629
1629
1629
1629
1630
1630
1632
1632
1632
1636
1636
1637
1637
1637
1637
1638
1639
1639
1640
1640
1641
1641
1641
1641
1641
1642
1643
1643
1644
1644
1645
1645
1646
1646
1648
1648
1649
1650
1650
1651
1651
1651
1653
1654
1654
1654
1655
1655
1656
1657
1657
1658
1660
1660
1661
1661
1661
1663
1663
1664
1665
1665
1665
1666
1666
1669
1670
1670
1670
1671
1671
1672
1673
1673
1673
1674
1674
1674
1675
1675
1676
1676
1676
1676
1677
1678
1678
1679
1680
1680
1682
1684
1684
1685
1685
1686
1686
1687
1687
1688
1688
1688
1688
1689
1689
1691
1692
1692
1692
1694
1694
1695
1695
1697
1697
1698
1698
1700
1700
1700
1700
1702
1702
1703
1704
1705
1705
1705
1707
1707
1709
1710
1711
1712
1712
1713
1713
1713
1713
1713
1714
1714
1714
1715
1715
1715
1716
1716
1716
1717
1717
1717
1717
1717
1718
1718
1719
1720
1720
1720
1720
1720
1721
1721
1721
1721
1722
1724
1725
1726
1726
1726
1727
1727
1727
1727
1727
1728
1728
1729
1730
1730
1730
1731
1733
1736
1737
1737
1738
1738
1739
1739
1739
1740
1741
1743
1744
1745
1745
1745
1746
1747
1748
1749
1749
1750
1750
1751
1752
1753
1753
1754
1754
1754
1757
1757
1757
1758
1758
1758
1760
1761
1764
1765
1765
1766
1767
1768
1768
1768
1768
1769
1770
1771
1771
1771
1771
1771
1773
1773
1774
1775
1775
1775
1776
1776
1776
1776
1776
1777
1777
1777
1778
1778
1778
1779
1779
1779
1779
1780
1783
1783
1784
1784
1784
1785
1785
1785
1786
1788
1789
1789
1790
1790
1791
1791
1792
1792
1792
1793
1793
1794
1794
1795
1795
1795
1796
1796
1797
1797
1797
1797
1798
1800
1800
1800
1800
1801
1801
1802
1802
1802
1803
1803
1803
1804
1805
1806
1807
1807
1809
1809
1809
1810
1810
1810
1812
1813
1816
1816
1818
1819
1819
1819
1819
1822
1822
1822
1823
1824
1824
1824
1825
1826
1826
1826
1826
1826
1827
1828
1828
1828
1828
1829
1829
1830
1832
1833
1833
1833
1834
1835
1836
1836
1837
1837
1837
1837
1837
1840
1840
1840
1841
1842
1843
1843
1843
1844
1844
1844
1844
1844
1845
1845
1845
1846
1846
1847
1848
1848
1849
1849
1849
1849
1849
1850
1850
1850
1851
1852
1852
1853
1854
1855
1856
1857
1857
1858
1858
1858
1858
1859
1860
1860
1861
1862
1862
1862
1863
1864
1864
1864
1864
1864
1866
1867
1867
1867
1867
1868
1869
1869
1871
1872
1872
1873
1873
1873
1874
1874
1875
1876
1876
1876
1876
1877
1878
1879
1879
1881
1881
1882
1882
1882
1883
1883
1883
1884
1885
1886
1886
1886
1886
1886
1887
1887
1888
1888
1890
1890
1891
1891
1891
1893
1894
1896
1898
1898
1899
1899
1899
1900
1900
1900
1900
1901
1901
1901
1902
1902
1903
1903
1903
1904
1904
1904
1906
1906
1907
1907
1908
1908
1908
1908
1909
1909
1909
1910
1911
1911
1911
1912
1914
1914
1915
1916
1916
1917
1917
1919
1920
1920
1920
1921
1921
1921
1922
1926
1927
1927
1928
1928
1928
1929
1930
1932
1932
1933
1935
1936
1936
1937
1937
1938
1939
1939
1939
1939
1940
1941
1942
1942
1943
1945
1946
1947
1948
1948
1950
1952
1952
1952
1953
1954
1954
1956
1956
1957
1957
1957
1957
1957
1958
1959
1960
1961
1961
1963
1964
1964
1964
1965
1966
1967
1968
1968
1970
1970
1970
1971
1972
1973
1973
1973
1974
1974
1975
1976
1976
1977
1977
1977
1980
1981
1983
1984
1984
1984
1985
1985
1985
1986
1986
1987
1987
1987
1988
1988
1989
1989
1990
1991
1992
1992
1992
1993
1994
1994
1994
1995
1996
1996
1997
1998
1998
1999
1999
2000
2000
2000
2001
2001
2002
2002
2002
2003
2003
2003
2004
2004
2004
2005
2005
2006
2006
2006
2009
2012
2013
2013
2013
2013
2013
2013
2014
2014
2014
2015
2015
2016
2016
2018
2018
2019
2019
2019
2020
2021
2021
2022
2023
2023
2024
2024
2024
2025
2025
2026
2026
2026
2026
2027
2029
2029
2030
2030
2030
2031
2031
2032
2032
2032
2033
2033
2033
2034
2036
2037
2037
2039
2041
2041
2042
2044
2044
2044
2045
2045
2046
2046
2046
2046
2047
2047
2047
2048
2049
2049
2050
2050
2050
2051
2053
2053
2054
2054
2054
2054
2055
2055
2056
2057
2057
2057
2058
2059
2060
2060
2061
2061
2062
2062
2063
2063
2064
2064
2065
2066
2066
2067
2068
2068
2068
2069
2069
2071
2072
2072
2072
2073
2073
2074
2074
2075
2075
2075
2076
2077
2077
2077
2079
2079
2079
2081
2081
2081
2083
2084
2085
2085
2085
2086
2087
2087
2088
2090
2090
2091
2091
2091
2091
2092
2092
2092
2093
2093
2095
2095
2095
2096
2097
2097
2097
2097
2097
2097
2098
2098
2099
2101
2102
2103
2103
2104
2104
2105
2105
2105
2107
2108
2109
2109
2109
2110
2110
2110
2111
2111
2112
2112
2112
2113
2113
2115
2115
2115
2117
2120
2120
2120
2121
2121
2121
2122
2122
2123
2124
2124
2125
2126
2126
2126
2126
2126
2127
2127
2128
2128
2128
2128
2128
2128
2128
2129
2129
2130
2130
2131
2133
2133
2133
2134
2134
2134
2134
2135
2135
2136
2136
2136
2137
2138
2138
2141
2142
2142
2142
2142
2143
2143
2143
2144
2145
2146
2146
2146
2148
2148
2148
2149
2150
2152
2152
2153
2155
2155
2155
2156
2157
2158
2159
2160
2160
2161
2161
2162
2163
2164
2164
2164
2166
2166
2166
2166
2168
2169
2169
2172
2173
2173
2173
2174
2174
2174
2174
2175
2175
2176
2176
2177
2178
2179
2180
2180
2180
2181
2181
2182
2183
2184
2184
2184
2184
2184
2184
2184
2184
2184
2185
2185
2186
2187
2187
2187
2187
2188
2188
2189
2191
2191
2191
2191
2192
2193
2194
2194
2195
2195
2196
2196
2196
2197
2198
2198
2200
2200
2201
2202
2202
2203
2204
2204
2204
2205
2205
2207
2207
2209
2210
2211
2211
2213
2214
2214
2215
2215
2216
2216
2217
2217
2218
2220
2220
2220
2221
2221
2222
2222
2223
2223
2223
2225
2225
2226
2227
2227
2228
2229
2229
2229
2230
2231
2232
2233
2234
2234
2234
2235
2235
2235
2236
2236
2236
2238
2239
2240
2240
2240
2241
2241
2242
2242
2242
2242
2242
2243
2244
2245
2245
2245
2246
2247
2248
2248
2249
2249
2251
2251
2252
2252
2253
2253
2254
2255
2255
2255
2256
2256
2256
2257
2259
2259
2261
2263
2263
2263
2263
2265
2265
2265
2265
2266
2267
2268
2268
2269
2270
2271
2271
2272
2273
2273
2274
2274
2274
2275
2275
2275
2275
2276
2276
2276
2277
2280
2281
2281
2282
2283
2283
2283
2283
2284
2285
2285
2285
2286
2286
2287
2288
2289
2289
2289
2290
2291
2291
2291
2292
2292
2292
2292
2292
2293
2293
2294
2295
2296
2296
2296
2296
2297
2298
2299
2299
2300
2300
2301
2301
2301
2302
2302
2302
2302
2304
2305
2307
2307
2308
2311
2311
2312
2312
2313
2313
2313
2314
2316
2316
2316
2316
2317
2318
2319
2320
2320
2320
2321
2322
2323
2323
2323
2324
2324
2324
2324
2325
2325
2326
2328
2328
2329
2329
2329
2329
2330
2331
2331
2332
2333
2333
2334
2334
2335
2336
2336
2338
2338
2338
2340
2340
2341
2341
2342
2342
2343
2343
2345
2345
2346
2346
2347
2348
2356
2358
2359
2360
2360
2360
2360
2360
2361
2361
2361
2363
2363
2365
2365
2365
2366
2366
2367
2367
2370
2370
2374
2375
2375
2376
2378
2378
2378
2378
2378
2378
2379
2379
2380
2382
2383
2383
2383
2384
2384
2385
2387
2387
2388
2389
2389
2389
2390
2390
2390
2390
2391
2391
2393
2393
2394
2395
2395
2396
2396
2397
2397
2398
2398
2398
2399
2399
2399
2400
2400
2401
2401
2401
2402
2403
2404
2404
2404
2404
2406
2406
2408
2408
2410
2410
2410
2410
2411
2411
2413
2414
2414
2414
2415
2415
2415
2415
2416
2418
2418
2418
2420
2420
2421
2423
2423
2423
2423
2424
2424
2424
2424
2425
2426
2427
2429
2429
2429
2429
2430
2431
2431
2431
2431
2431
2432
2432
2433
2434
2436
2437
2437
2439
2439
2440
2441
2443
2443
2444
2448
2448
2450
2451
2452
2454
2455
2456
2457
2458
2460
2461
2462
2463
2463
2463
2463
2463
2464
2466
2466
2466
2467
2467
2467
2468
2470
2470
2471
2471
2472
2472
2473
2473
2473
2473
2474
2474
2474
2476
2476
2476
2477
2477
2477
2477
2478
2478
2480
2480
2480
2483
2484
2484
2484
2484
2485
2485
2486
2487
2489
2489
2489
2489
2490
2490
2490
2491
2493
2493
2493
2495
2495
2495
2496
2496
2497
2497
2498
2499
2500
2502
2502
2503
2503
2504
2504
2505
2506
2506
2506
2507
2508
2510
2510
2510
2511
2511
2511
2512
2512
2512
2514
2514
2515
2518
2518
2519
2519
2519
2519
2520
2521
2522
2522
2524
2524
2525
2525
2525
2525
2525
2526
2526
2526
2526
2527
2527
2527
2527
2527
2528
2528
2529
2529
2530
2531
2533
2533
2534
2534
2534
2534
2535
2537
2538
2539
2539
2539
2541
2542
2542
2542
2543
2544
2545
2546
2547
2547
2548
2548
2549
2549
2550
2550
2550
2550
2552
2552
2552
2552
2553
2553
2553
2554
2555
2557
2557
2558
2558
2559
2559
2559
2560
2561
2562
2562
2562
2563
2563
2563
2563
2564
2564
2565
2565
2565
2565
2566
2566
2566
2566
2569
2569
2569
2570
2570
2570
2572
2572
2573
2573
2574
2574
2575
2575
2575
2575
2577
2577
2577
2578
2579
2579
2579
2579
2580
2580
2580
2581
2581
2582
2583
2584
2584
2586
2586
2587
2587
2589
2589
2590
2590
2590
2591
2591
2592
2592
2593
2593
2593
2595
2596
2596
2597
2598
2599
2599
2600
2600
2601
2602
2602
2602
2604
2605
2605
2606
2606
2606
2607
2608
2608
2609
2609
2612
2612
2613
2614
2614
2616
2616
2617
2618
2618
2618
2618
2622
2622
2622
2622
2622
2623
2623
2623
2624
2624
2624
2626
2626
2629
2632
2633
2634
2636
2637
2638
2641
2641
2641
2642
2643
2643
2645
2646
2646
2646
2646
2646
2646
2647
2647
2647
2648
2649
2649
2649
2649
2650
2650
2650
2651
2651
2652
2652
2653
2653
2654
2655
2656
2657
2657
2657
2657
2657
2659
2659
2660
2660
2661
2661
2661
2662
2662
2662
2663
2665
2667
2667
2668
2668
2670
2670
2670
2671
2672
2672
2673
2673
2673
2673
2673
2674
2674
2674
2674
2674
2674
2675
2675
2676
2677
2677
2678
2678
2679
2679
2679
2680
2680
2680
2680
2680
2681
2681
2682
2683
2684
2685
2685
2685
2686
2686
2688
2688
2688
2689
2689
2689
2689
2690
2690
2690
2691
2691
2692
2692
2693
2695
2696
2697
2697
2697
2697
2697
2697
2698
2700
2700
2701
2701
2703
2703
2703
2704
2704
2706
2706
2707
2707
2707
2708
2708
2708
2709
2709
2709
2710
2710
2710
2711
2711
2713
2713
2714
2714
2714
2716
2717
2717
2717
2718
2718
2718
2719
2720
2722
2722
2723
2724
2724
2725
2725
2727
2727
2728
2728
2729
2729
2730
2730
2731
2731
2732
2733
2733
2735
2735
2735
2736
2737
2737
2738
2738
2739
2739
2739
2740
2740
2742
2742
2742
2744
2744
2744
2744
2745
2746
2746
2748
2748
2749
2750
2751
2751
2752
2752
2753
2754
2754
2756
2756
2756
2756
2756
2757
2757
2757
2757
2758
2758
2758
2761
2761
2763
2763
2763
2764
2764
2764
2765
2765
2765
2766
2766
2767
2767
2768
2768
2769
2769
2770
2770
2771
2772
2773
2773
2774
2774
2774
2775
2777
2778
2778
2778
2779
2779
2780
2783
2783
2783
2784
2785
2787
2788
2788
2790
2790
2790
2790
2791
2792
2792
2793
2793
2793
2793
2794
2795
2795
2795
2796
2796
2798
2798
2799
2799
2801
2802
2802
2802
2805
2805
2805
2805
2806
2807
2810
2810
2811
2813
2813
2813
2814
2815
2816
2816
2817
2817
2818
2818
2819
2819
2819
2820
2822
2822
2822
2822
2824
2825
2825
2827
2827
2827
2828
2829
2829
2830
2831
2832
2833
2833
2833
2834
2834
2834
2837
2837
2837
2838
2838
2838
2838
2839
2839
2840
2840
2841
2841
2841
2843
2844
2845
2845
2846
2847
2847
2848
2848
2849
2849
2849
2850
2850
2853
2854
2854
2857
2857
2858
2858
2859
2860
2860
2860
2860
2863
2864
2865
2865
2866
2867
2867
2867
2868
2869
2869
2870
2870
2870
2870
2871
2872
2872
2872
2873
2873
2873
2874
2874
2875
2876
2876
2877
2877
2877
2879
2879
2880
2881
2881
2882
2882
2882
2883
2883
2884
2884
2886
2886
2887
2889
2889
2889
2890
2890
2891
2891
2891
2892
2892
2893
2893
2894
2894
2894
2894
2894
2896
2896
2896
2897
2897
2898
2899
2899
2899
2900
2901
2901
2901
2903
2903
2903
2904
2905
2906
2906
2906
2906
2906
2907
2907
2908
2908
2908
2908
2909
2909
2909
2910
2910
2911
2911
2911
2911
2911
2911
2912
2912
2914
2915
2915
2915
2917
2917
2918
2919
2919
2919
2920
2921
2921
2922
2924
2924
2924
2925
2925
2927
2928
2929
2929
2929
2930
2930
2931
2931
2931
2932
2932
2933
2934
2935
2935
2935
2936
2937
2938
2940
2940
2941
2941
2943
2944
2944
2946
2947
2947
2947
2948
2948
2951
2954
2954
2955
2956
2957
2957
2958
2958
2958
2959
2959
2960
2960
2960
2960
2961
2962
2963
2963
2965
2965
2966
2966
2967
2968
2969
2969
2969
2969
2971
2971
2971
2971
2973
2975
2975
2975
2975
2975
2976
2976
2976
2977
2977
2977
2978
2978
2978
2979
2979
2981
2981
2981
2982
2982
2982
2983
2984
2984
2985
2985
2987
2989
2989
2992
2994
2995
2995
2996
2997
2997
2997
2998
2998
2998
2999
3000
3001
3002
3002
3003
3003
3003
3003
3004
3004
3005
3006
3006
3006
3007
3008
3008
3008
3008
3008
3010
3010
3010
3012
3013
3013
3014
3015
3015
3015
3016
3016
3017
3018
3018
3018
3019
3020
3021
3021
3022
3022
3022
3023
3024
3025
3025
3026
3026
3026
3028
3028
3028
3029
3029
3030
3030
3030
3030
3030
3032
3033
3033
3033
3034
3034
3036
3036
3036
3038
3038
3039
3039
3039
3040
3040
3041
3041
3042
3042
3043
3043
3043
3043
3044
3044
3045
3045
3047
3047
3047
3049
3050
3051
3052
3053
3054
3055
3055
3055
3056
3056
3056
3056
3057
3057
3058
3058
3059
3059
3060
3061
3061
3061
3061
3062
3064
3065
3065
3065
3066
3066
3068
3068
3068
3068
3069
3070
3071
3071
3071
3072
3072
3072
3073
3074
3074
3074
3075
3076
3077
3077
3077
3079
3079
3080
3082
3082
3084
3085
3086
3087
3088
3089
3089
3090
3091
3091
3092
3092
3092
3093
3093
3093
3093
3093
3094
3094
3095
3096
3096
3096
3097
3098
3099
3099
3100
3100
3102
3102
3102
3102
3103
3103
3103
3104
3104
3104
3105
3106
3106
3106
3107
3107
3108
3110
3111
3113
3113
3113
3113
3114
3114
3114
3115
3115
3115
3116
3117
3117
3118
3119
3119
3121
3121
3121
3123
3123
3123
3123
3124
3124
3125
3125
3125
3127
3128
3128
3128
3129
3129
3130
3130
3131
3131
3131
3132
3132
3133
3134
3135
3135
3135
3135
3135
3136
3137
3137
3137
3138
3138
3138
3139
3140
3141
3142
3142
3143
3143
3143
3143
3144
3144
3144
3145
3146
3146
3147
3147
3147
3148
3150
3151
3151
3151
3155
3157
3157
3158
3158
3158
3159
3159
3159
3159
3159
3161
3161
3161
3162
3163
3164
3164
3165
3165
3166
3166
3167
3167
3168
3169
3169
3169
3170
3170
3170
3170
3171
3172
3173
3174
3174
3175
3175
3175
3175
3176
3177
3178
3178
3178
3178
3179
3180
3181
3181
3184
3185
3185
3186
3186
3186
3187
3187
3187
3187
3187
3188
3188
3189
3189
3191
3192
3193
3193
3194
3194
3195
3195
3195
3196
3196
3196
3196
3196
3196
3196
3197
3197
3198
3198
3198
3199
3200
3200
3202
3202
3202
3202
3202
3203
3203
3203
3203
3204
3204
3204
3206
3206
3208
3210
3210
3210
3211
3212
3213
3214
3214
3214
3214
3214
3216
3216
3216
3218
3218
3219
3219
3220
3221
3221
3222
3223
3223
3224
3225
3225
3225
3225
3226
3227
3228
3228
3228
3229
3229
3230
3231
3231
3232
3233
3233
3234
3235
3235
3235
3235
3235
3236
3237
3238
3239
3239
3239
3239
3241
3241
3241
3241
3241
3242
3242
3243
3245
3245
3245
3245
3247
3248
3249
3249
3250
3250
3250
3250
3253
3254
3255
3255
3255
3256
3256
3256
3256
3257
3257
3258
3258
3258
3258
3259
3259
3259
3260
3261
3261
3262
3262
3262
3262
3263
3263
3264
3264
3264
3264
3265
3265
3266
3267
3269
3271
3271
3272
3272
3273
3273
3273
3273
3273
3273
3274
3274
3274
3274
3275
3275
3275
3276
3277
3277
3277
3278
3279
3279
3280
3282
3282
3282
3283
3283
3284
3284
3284
3285
3285
3285
3285
3286
3288
3289
3289
3290
3291
3291
3292
3293
3294
3294
3294
3294
3300
3302
3303
3305
3306
3307
3308
3308
3309
3309
3309
3309
3310
3310
3311
3311
3312
3313
3313
3314
3315
3315
3316
3316
3317
3318
3319
3319
3319
3320
3320
3320
3320
3321
3322
3323
3323
3324
3324
3324
3324
3324
3326
3327
3327
3329
3330
3330
3330
3330
3330
3331
3333
3333
3334
3334
3334
3335
3335
3336
3336
3337
3338
3339
3340
3340
3340
3341
3341
3341
3342
3342
3343
3343
3343
3345
3346
3346
3347
3347
3347
3347
3349
3349
3351
3351
3352
3352
3352
3353
3353
3353
3354
3355
3355
3355
3356
3356
3357
3357
3358
3358
3358
3358
3361
3363
3363
3363
3364
3365
3366
3366
3367
3367
3370
3371
3372
3372
3372
3372
3374
3374
3374
3375
3376
3376
3377
3378
3378
3378
3379
3379
3379
3379
3379
3379
3381
3381
3382
3383
3384
3385
3385
3385
3385
3387
3387
3387
3387
3388
3388
3391
3391
3391
3391
3391
3392
3392
3392
3393
3393
3394
3395
3396
3397
3399
3401
3402
3404
3404
3405
3406
3408
3411
3411
3411
3412
3414
3414
3415
3415
3416
3416
3418
3419
3420
3422
3422
3422
3423
3423
3423
3424
3425
3425
3425
3426
3426
3428
3428
3429
3429
3429
3430
3430
3430
3432
3433
3433
3434
3434
3435
3436
3436
3437
3437
3439
3439
3440
3441
3441
3441
3442
3444
3444
3445
3446
3447
3447
3447
3449
3449
3450
3450
3450
3450
3451
3451
3452
3452
3453
3454
3454
3455
3455
3455
3456
3456
3456
3456
3458
3459
3461
3463
3463
3463
3463
3463
3464
3464
3465
3465
3466
3468
3468
3469
3469
3469
3471
3471
3472
3474
3475
3477
3478
3478
3479
3481
3481
3482
3483
3483
3483
3484
3485
3485
3485
3486
3486
3487
3487
3488
3489
3490
3490
3490
3491
3492
3493
3493
3494
3494
3495
3495
3496
3496
3497
3497
3499
3500
3502
3503
3503
3504
3505
3505
3507
3509
3510
3510
3511
3511
3512
3514
3515
3516
3516
3516
3516
3517
3517
3517
3517
3518
3518
3521
3522
3522
3523
3524
3525
3525
3525
3526
3526
3528
3528
3531
3531
3532
3532
3533
3533
3535
3536
3536
3537
3538
3539
3539
3541
3542
3543
3544
3544
3544
3544
3545
3545
3545
3546
3546
3547
3547
3547
3547
3547
3549
3550
3551
3551
3551
3554
3554
3554
3555
3555
3558
3558
3558
3558
3558
3559
3559
3559
3559
3559
3559
3560
3560
3560
3560
3561
3561
3562
3563
3563
3564
3565
3566
3567
3567
3569
3569
3570
3570
3571
3571
3571
3572
3572
3572
3572
3573
3573
3574
3574
3574
3575
3576
3577
3578
3578
3578
3581
3582
3582
3583
3584
3585
3585
3585
3585
3586
3587
3587
3588
3589
3590
3590
3592
3593
3594
3594
3595
3595
3595
3595
3595
3596
3596
3597
3597
3598
3598
3599
3600
3600
3601
3601
3602
3603
3605
3606
3608
3609
3609
3609
3610
3610
3611
3612
3612
3612
3613
3613
3613
3613
3614
3615
3615
3617
3618
3618
3619
3619
3619
3619
3620
3620
3620
3621
3621
3622
3623
3623
3624
3625
3625
3626
3626
3627
3627
3628
3629
3630
3630
3631
3632
3632
3633
3634
3634
3635
3635
3635
3636
3636
3636
3638
3638
3639
3640
3640
3640
3640
3641
3643
3644
3645
3645
3646
3646
3646
3647
3648
3650
3651
3652
3652
3653
3653
3654
3654
3655
3656
3657
3658
3658
3658
3659
3660
3660
3662
3662
3663
3664
3664
3666
3666
3667
3667
3667
3668
3668
3668
3670
3670
3670
3671
3671
3671
3672
3672
3673
3673
3673
3673
3674
3675
3676
3679
3680
3680
3681
3681
3681
3682
3682
3683
3683
3683
3684
3684
3685
3685
3685
3685
3686
3687
3687
3687
3687
3688
3688
3688
3688
3689
3689
3690
3690
3690
3690
3694
3694
3694
3694
3695
3696
3697
3697
3697
3697
3698
3698
3698
3699
3699
3703
3704
3704
3704
3705
3705
3708
3709
3709
3711
3711
3711
3713
3713
3715
3715
3716
3717
3717
3717
3718
3719
3720
3720
3721
3721
3722
3723
3724
3726
3726
3726
3726
3727
3728
3728
3728
3728
3728
3729
3730
3730
3731
3731
3733
3733
3733
3734
3735
3735
3736
3736
3736
3736
3739
3740
3740
3742
3742
3743
3743
3743
3745
3745
3746
3746
3747
3748
3748
3750
3750
3750
3750
3750
3751
3752
3754
3754
3754
3756
3756
3758
3758
3758
3759
3760
3760
3761
3761
3761
3762
3762
3763
3763
3764
3765
3765
3765
3765
3765
3767
3767
3768
3769
3770
3770
3770
3771
3772
3774
3774
3774
3774
3775
3775
3775
3777
3777
3778
3779
3779
3779
3780
3782
3782
3783
3783
3783
3784
3784
3785
3785
3785
3785
3786
3786
3787
3787
3788
3788
3788
3788
3789
3791
3791
3792
3792
3793
3793
3793
3793
3795
3795
3795
3797
3798
3799
3801
3801
3802
3804
3804
3805
3805
3805
3806
3806
3806
3806
3808
3808
3808
3809
3809
3809
3810
3811
3811
3811
3812
3812
3812
3812
3812
3812
3815
3815
3816
3816
3817
3817
3817
3818
3818
3818
3819
3820
3820
3820
3820
3821
3821
3821
3822
3822
3822
3822
3823
3824
3824
3824
3825
3825
3826
3827
3827
3827
3828
3828
3828
3829
3829
3829
3829
3830
3830
3830
3832
3833
3834
3834
3835
3836
3836
3836
3837
3837
3838
3839
3840
3842
3842
3844
3845
3845
3846
3847
3847
3848
3848
3848
3848
3849
3849
3850
3850
3851
3852
3852
3852
3852
3852
3853
3853
3854
3854
3854
3855
3856
3856
3856
3857
3857
3857
3857
3857
3857
3858
3858
3858
3860
3861
3861
3861
3862
3862
3862
3863
3864
3864
3864
3865
3865
3866
3866
3867
3867
3868
3868
3868
3869
3869
3869
3871
3873
3873
3873
3874
3876
3876
3877
3877
3878
3878
3878
3878
3881
3881
3881
3881
3881
3881
3882
3882
3883
3883
3883
3883
3883
3885
3887
3887
3887
3888
3890
3891
3891
3892
3892
3892
3894
3896
3897
3898
3898
3900
3900
3900
3901
3901
3903
3903
3905
3906
3906
3909
3911
3911
3912
3912
3912
3912
3913
3913
3913
3914
3915
3915
3915
3915
3916
3917
3917
3917
3918
3919
3919
3919
3919
3920
3921
3921
3922
3922
3923
3923
3924
3924
3924
3925
3926
3926
3927
3927
3928
3929
3929
3930
3930
3931
3933
3934
3934
3935
3935
3936
3937
3937
3937
3937
3938
3939
3939
3939
3939
3940
3940
3940
3942
3942
3942
3943
3943
3943
3944
3944
3945
3945
3945
3947
3948
3949
3949
3950
3950
3951
3953
3953
3953
3953
3954
3955
3955
3955
3955
3957
3958
3959
3959
3959
3961
3962
3962
3962
3962
3963
3963
3964
3964
3964
3965
3965
3965
3966
3967
3967
3967
3968
3968
3970
3970
3971
3971
3972
3972
3973
3973
3974
3975
3976
3976
3976
3979
3979
3980
3980
3981
3981
3983
3983
3984
3986
3986
3987
3988
3989
3989
3989
3990
3991
3991
3992
3993
3993
3994
3995
3996
3996
3997
3997
3997
3997
3997
3997
3998
3998
3998
3999
3999
4000
4002
4002
4003
4003
4004
4004
4005
4007
4007
4008
4008
4010
4011
4011
4011
4012
4012
4012
4013
4013
4014
4014
4016
4016
4016
4017
4017
4017
4017
4018
4018
4018
4019
4019
4020
4020
4020
4021
4022
4025
4025
4025
4027
4027
4027
4028
4028
4029
4030
4030
4030
4031
4032
4033
4033
4034
4034
4035
4035
4038
4038
4038
4039
4042
4042
4044
4045
4045
4045
4045
4046
4046
4048
4049
4049
4050
4051
4051
4052
4052
4055
4057
4057
4057
4057
4058
4059
4059
4062
4062
4063
4063
4063
4064
4064
4066
4066
4067
4067
4068
4068
4068
4069
4070
4071
4071
4072
4073
4074
4075
4075
4078
4078
4080
4081
4081
4082
4082
4082
4082
4082
4084
4084
4085
4086
4087
4090
4090
4090
4091
4091
4091
4092
4093
4093
4097
4097
4098
4098
4098
4098
4098
4098
4098
4098
4099
4099
4103
4103
4103
4104
4105
4106
4106
4107
4107
4107
4108
4109
4110
4111
4111
4112
4112
4115
4116
4117
4118
4118
4118
4120
4121
4124
4125
4126
4128
4128
4129
4130
4130
4131
4132
4132
4133
4134
4134
4136
4136
4136
4138
4139
4139
4140
4140
4141
4141
4142
4143
4143
4143
4144
4144
4145
4146
4147
4147
4147
4148
4148
4148
4148
4149
4149
4149
4149
4150
4151
4153
4153
4155
4155
4155
4157
4157
4157
4158
4158
4159
4160
4161
4161
4161
4162
4162
4162
4162
4163
4164
4164
4165
4166
4167
4167
4168
4168
4169
4170
4170
4170
4170
4171
4172
4172
4173
4173
4174
4175
4175
4177
4178
4178
4178
4179
4179
4180
4181
4182
4183
4183
4183
4183
4184
4185
4185
4187
4187
4188
4188
4188
4189
4190
4190
4190
4192
4192
4193
4194
4195
4196
4196
4196
4198
4198
4198
4199
4200
4201
4201
4201
4201
4204
4204
4204
4205
4206
4208
4208
4208
4209
4212
4212
4213
4213
4214
4214
4214
4215
4216
4217
4219
4219
4219
4220
4220
4222
4222
4223
4223
4223
4225
4225
4227
4227
4227
4227
4227
4229
4231
4232
4233
4234
4235
4240
4240
4241
4241
4241
4242
4242
4243
4243
4243
4244
4244
4246
4246
4247
4247
4248
4250
4250
4251
4251
4251
4252
4252
4253
4253
4253
4253
4254
4254
4255
4256
4258
4258
4259
4259
4259
4259
4260
4260
4260
4261
4263
4264
4264
4264
4265
4265
4266
4267
4267
4267
4268
4268
4269
4269
4269
4270
4270
4271
4271
4272
4274
4275
4275
4275
4275
4275
4275
4276
4276
4276
4276
4276
4277
4278
4278
4280
4281
4283
4284
4285
4285
4285
4285
4287
4287
4287
4288
4288
4288
4289
4289
4290
4290
4290
4291
4292
4293
4293
4295
4297
4297
4297
4297
4298
4298
4298
4299
4300
4300
4301
4301
4302
4302
4303
4305
4305
4305
4305
4306
4307
4307
4307
4308
4309
4311
4312
4312
4314
4314
4315
4315
4315
4316
4316
4316
4316
4317
4317
4318
4319
4320
4320
4322
4322
4322
4322
4323
4324
4324
4324
4326
4327
4328
4328
4329
4331
4331
4331
4332
4332
4332
4332
4333
4335
4336
4336
4336
4336
4336
4338
4339
4339
4339
4340
4342
4342
4343
4345
4346
4346
4347
4348
4348
4349
4350
4350
4350
4350
4350
4351
4351
4352
4352
4353
4354
4355
4355
4355
4356
4356
4356
4356
4357
4358
4359
4359
4360
4360
4360
4361
4362
4362
4363
4364
4365
4365
4365
4365
4367
4367
4367
4368
4368
4368
4368
4368
4369
4369
4369
4370
4370
4371
4372
4373
4373
4373
4374
4374
4374
4376
4378
4378
4379
4379
4381
4381
4382
4382
4384
4384
4384
4385
4385
4385
4387
4387
4388
4388
4388
4389
4389
4389
4390
4390
4390
4390
4390
4392
4392
4392
4394
4395
4396
4396
4396
4396
4397
4397
4397
4397
4397
4398
4400
4400
4401
4401
4402
4403
4403
4403
4404
4404
4404
4404
4405
4407
4407
4407
4408
4409
4409
4409
4410
4410
4411
4411
4412
4413
4413
4414
4415
4415
4416
4416
4416
4416
4417
4417
4419
4419
4419
4420
4421
4422
4422
4422
4423
4423
4423
4424
4425
4425
4425
4427
4427
4427
4428
4428
4428
4428
4428
4429
4429
4430
4430
4430
4430
4430
4430
4432
4432
4433
4433
4434
4434
4434
4434
4435
4435
4435
4436
4436
4437
4437
4438
4438
4439
4440
4441
4443
4443
4446
4447
4447
4448
4448
4448
4448
4450
4451
4451
4452
4452
4452
4453
4453
4453
4454
4455
4455
4456
4456
4457
4458
4459
4459
4459
4459
4460
4460
4461
4461
4461
4461
4464
4464
4464
4465
4466
4466
4467
4467
4467
4468
4469
4469
4469
4469
4471
4472
4474
4475
4476
4476
4476
4476
4477
4477
4477
4477
4478
4479
4479
4479
4479
4479
4481
4481
4481
4482
4482
4483
4483
4483
4483
4484
4484
4486
4487
4487
4487
4487
4488
4488
4489
4489
4491
4492
4492
4493
4494
4494
4495
4495
4496
4496
4496
4497
4497
4498
4498
4499
4499
4500
4500
4501
4502
4503
4503
4505
4507
4507
4507
4507
4509
4511
4511
4512
4512
4512
4513
4513
4513
4514
4514
4514
4515
4515
4517
4517
4518
4519
4520
4520
4521
4521
4522
4522
4522
4523
4523
4523
4523
4524
4525
4525
4527
4527
4528
4529
4529
4530
4530
4533
4534
4534
4535
4536
4536
4537
4538
4538
4539
4539
4540
4543
4543
4544
4544
4544
4545
4547
4547
4548
4548
4548
4548
4549
4549
4549
4550
4551
4551
4552
4552
4552
4553
4555
4555
4557
4557
4559
4559
4560
4560
4562
4563
4564
4564
4565
4565
4566
4568
4568
4570
4571
4571
4572
4572
4572
4572
4572
4573
4573
4576
4577
4577
4578
4578
4578
4578
4578
4579
4579
4579
4579
4580
4580
4581
4583
4583
4584
4584
4586
4586
4586
4587
4587
4589
4589
4590
4590
4590
4591
4591
4591
4592
4592
4592
4592
4593
4593
4593
4594
4594
4595
4596
4596
4597
4597
4600
4602
4602
4603
4604
4605
4606
4607
4607
4607
4608
4608
4608
4609
4610
4610
4610
4611
4612
4613
4613
4613
4615
4616
4616
4617
4617
4618
4619
4619
4621
4621
4621
4621
4622
4622
4622
4622
4624
4626
4626
4627
4627
4628
4629
4629
4630
4631
4631
4631
4632
4632
4632
4632
4633
4633
4633
4634
4636
4636
4636
4636
4637
4637
4638
4639
4641
4641
4641
4641
4642
4642
4644
4644
4644
4644
4645
4646
4646
4646
4648
4648
4649
4650
4650
4650
4650
4650
4651
4651
4652
4652
4653
4654
4654
4655
4656
4656
4657
4657
4658
4658
4658
4658
4660
4660
4660
4661
4661
4661
4662
4663
4663
4664
4664
4667
4668
4669
4670
4670
4673
4674
4675
4676
4676
4676
4677
4677
4678
4678
4678
4683
4683
4684
4685
4685
4685
4687
4688
4688
4688
4688
4688
4689
4690
4690
4690
4693
4693
4693
4694
4694
4695
4696
4696
4697
4697
4697
4697
4697
4697
4698
4699
4699
4700
4701
4701
4701
4703
4703
4703
4703
4703
4703
4703
4704
4704
4704
4705
4705
4706
4707
4707
4708
4709
4710
4711
4711
4712
4712
4712
4712
4713
4713
4713
4713
4714
4716
4717
4717
4717
4717
4718
4718
4720
4720
4721
4721
4721
4722
4722
4723
4723
4725
4725
4726
4727
4728
4728
4728
4729
4730
4730
4731
4731
4732
4733
4734
4734
4735
4736
4736
4738
4738
4739
4739
4740
4741
4741
4742
4742
4742
4742
4744
4745
4745
4745
4746
4746
4748
4749
4749
4749
4750
4750
4750
4750
4750
4751
4752
4753
4753
4754
4754
4754
4755
4756
4757
4757
4758
4759
4759
4760
4761
4763
4765
4765
4765
4766
4767
4767
4768
4768
4769
4769
4770
4770
4771
4771
4772
4774
4775
4776
4776
4777
4777
4778
4778
4778
4779
4779
4779
4780
4780
4780
4781
4781
4781
4782
4782
4782
4783
4783
4783
4784
4784
4785
4785
4786
4786
4787
4788
4788
4789
4789
4791
4793
4793
4793
4794
4796
4796
4798
4798
4798
4798
4799
4802
4802
4803
4803
4803
4804
4804
4805
4805
4806
4807
4807
4808
4809
4809
4811
4811
4811
4813
4814
4814
4814
4815
4816
4816
4816
4816
4816
4817
4817
4818
4818
4818
4819
4820
4820
4821
4821
4821
4821
4822
4822
4822
4823
4823
4823
4823
4823
4823
4824
4824
4825
4825
4825
4825
4826
4826
4827
4827
4827
4828
4828
4828
4829
4830
4830
4830
4830
4830
4831
4831
4833
4834
4835
4835
4836
4837
4837
4838
4838
4838
4838
4838
4839
4840
4840
4841
4841
4841
4843
4844
4844
4845
4845
4845
4848
4849
4852
4852
4852
4853
4854
4854
4858
4858
4858
4858
4859
4859
4859
4860
4860
4861
4863
4863
4863
4864
4864
4864
4865
4866
4868
4868
4868
4868
4868
4869
4869
4870
4870
4870
4870
4870
4871
4871
4871
4873
4874
4874
4874
4876
4877
4879
4879
4880
4880
4881
4881
4881
4883
4883
4884
4884
4884
4885
4887
4887
4888
4889
4890
4890
4891
4892
4893
4893
4894
4895
4895
4895
4896
4896
4897
4898
4898
4898
4900
4901
4901
4901
4902
4902
4902
4903
4903
4904
4904
4904
4905
4905
4906
4906
4906
4908
4908
4909
4909
4909
4909
4910
4912
4912
4912
4913
4914
4915
4915
4916
4916
4917
4917
4917
4919
4919
4921
4922
4922
4922
4923
4923
4926
4926
4926
4926
4926
4927
4928
4928
4929
4929
4930
4931
4931
4931
4931
4932
4933
4935
4936
4936
4936
4936
4937
4939
4939
4939
4939
4940
4941
4941
4941
4941
4941
4943
4943
4944
4945
4946
4947
4947
4948
4948
4948
4948
4950
4950
4950
4951
4952
4953
4953
4954
4955
4955
4956
4956
4957
4957
4957
4958
4959
4959
4959
4960
4960
4961
4961
4962
4963
4963
4964
4964
4964
4964
4965
4966
4967
4967
4968
4968
4970
4971
4972
4972
4972
4973
4973
4973
4974
4974
4975
4975
4978
4979
4979
4980
4980
4980
4980
4981
4984
4985
4985
4986
4987
4988
4988
4990
4990
4991
4992
4992
4992
4993
4993
4994
4994
4995
4996
4996
4996
4997
4998
4998
4998
4998
4999
5000
5001
5002
5002
5002
5003
5004
5004
5005
5005
5006
5007
5007
5007
5008
5008
5008
5008
5008
5009
5010
5011
5011
5011
5012
5012
5012
5013
5014
5014
5015
5015
5016
5016
5016
5016
5016
5017
5017
5018
5018
5018
5018
5019
5019
5019
5020
5020
5021
5022
5023
5024
5025
5026
5026
5027
5028
5029
5031
5031
5033
5035
5035
5035
5036
5037
5037
5037
5037
5038
5039
5039
5039
5039
5039
5039
5041
5043
5044
5044
5045
5045
5045
5045
5046
5046
5047
5047
5047
5048
5048
5048
5049
5049
5049
5049
5050
5050
5050
5051
5051
5051
5052
5053
5053
5053
5053
5054
5055
5055
5056
5056
5057
5057
5059
5059
5061
5061
5061
5061
5062
5062
5065
5065
5066
5066
5066
5066
5066
5067
5067
5070
5071
5072
5072
5074
5074
5075
5075
5076
5076
5077
5078
5078
5079
5079
5080
5080
5080
5080
5080
5082
5082
5083
5084
5085
5086
5087
5088
5088
5088
5088
5088
5089
5090
5090
5091
5091
5091
5091
5092
5092
5092
5093
5094
5094
5095
5096
5097
5097
5098
5098
5100
5101
5103
5103
5104
5104
5104
5104
5105
5105
5106
5106
5107
5108
5108
5109
5109
5109
5110
5110
5111
5111
5112
5112
5112
5113
5114
5115
5116
5116
5116
5116
5118
5118
5119
5120
5121
5122
5123
5123
5123
5124
5124
5125
5126
5126
5128
5128
5129
5130
5130
5132
5133
5133
5135
5135
5135
5135
5137
5137
5137
5138
5138
5139
5141
5141
5141
5142
5143
5143
5144
5145
5146
5146
5147
5149
5149
5149
5149
5149
5149
5150
5150
5151
5152
5152
5152
5153
5153
5154
5155
5155
5155
5156
5157
5157
5158
5158
5158
5158
5159
5162
5162
5163
5164
5164
5164
5165
5166
5167
5167
5168
5169
5169
5169
5169
5170
5170
5172
5173
5173
5173
5173
5174
5175
5175
5175
5176
5176
5176
5177
5177
5178
5179
5180
5182
5185
5186
5188
5188
5189
5189
5189
5190
5190
5191
5192
5192
5194
5194
5194
5196
5196
5196
5196
5197
5197
5198
5198
5199
5200
5200
5200
5201
5201
5201
5202
5203
5204
5204
5204
5206
5206
5207
5209
5209
5211
5212
5212
5213
5213
5214
5215
5215
5216
5216
5216
5216
5218
5218
5218
5219
5219
5220
5220
5221
5223
5223
5224
5224
5226
5228
5230
5230
5231
5231
5231
5232
5233
5233
5233
5234
5235
5236
5236
5237
5238
5239
5240
5240
5240
5241
5241
5241
5241
5242
5244
5244
5245
5246
5246
5246
5248
5249
5249
5250
5250
5250
5251
5251
5252
5252
5252
5253
5254
5254
5254
5255
5255
5256
5257
5257
5258
5258
5259
5259
5259
5261
5261
5262
5263
5263
5263
5264
5264
5264
5264
5265
5265
5265
5265
5266
5267
5267
5268
5268
5268
5269
5269
5271
5271
5271
5272
5274
5274
5274
5276
5276
5277
5278
5279
5279
5280
5280
5281
5281
5283
5283
5284
5285
5286
5286
5287
5288
5288
5288
5289
5290
5291
5291
5292
5292
5292
5294
5294
5295
5296
5296
5297
5297
5297
5297
5300
5302
5302
5302
5303
5304
5304
5305
5305
5306
5308
5308
5309
5309
5311
5312
5312
5312
5312
5313
5313
5313
5314
5314
5314
5315
5316
5318
5320
5320
5321
5321
5322
5323
5324
5324
5324
5326
5326
5327
5327
5329
5331
5332
5333
5333
5334
5335
5335
5336
5336
5337
5338
5338
5338
5339
5339
5339
5340
5340
5341
5341
5344
5345
5345
5345
5346
5346
5346
5347
5347
5347
5347
5348
5348
5348
5351
5352
5352
5353
5353
5354
5355
5357
5357
5358
5358
5358
5358
5359
5359
5359
5359
5360
5361
5361
5362
5362
5363
5364
5364
5364
5364
5366
5367
5368
5370
5371
5371
5371
5372
5373
5373
5375
5376
5376
5377
5378
5378
5381
5382
5383
5384
5384
5385
5385
5385
5386
5386
5386
5387
5387
5387
5388
5388
5388
5388
5389
5389
5389
5389
5391
5392
5393
5393
5394
5394
5394
5396
5396
5396
5398
5399
5399
5400
5401
5401
5402
5403
5403
5404
5404
5404
5405
5406
5406
5406
5407
5407
5408
5409
5409
5410
5410
5411
5412
5412
5412
5413
5414
5414
5414
5415
5416
5416
5416
5416
5416
5417
5418
5418
5418
5419
5419
5419
5420
5421
5423
5424
5424
5424
5424
5424
5425
5425
5425
5426
5426
5429
5429
5430
5431
5431
5431
5433
5433
5435
5436
5436
5436
5436
5437
5437
5438
5438
5438
5438
5439
5440
5440
5440
5440
5440
5441
5441
5442
5442
5443
5444
5444
5445
5445
5446
5446
5447
5447
5447
5448
5448
5448
5448
5449
5449
5450
5450
5453
5453
5453
5454
5455
5455
5456
5456
5456
5457
5460
5461
5461
5462
5462
5463
5464
5465
5466
5466
5466
5466
5467
5467
5468
5468
5468
5469
5470
5470
5470
5471
5471
5472
5474
5475
5475
5476
5481
5481
5482
5482
5483
5484
5486
5486
5486
5487
5488
5488
5489
5491
5491
5492
5492
5492
5492
5493
5493
5493
5495
5495
5496
5497
5497
5498
5499
5499
5499
5500
5500
5501
5501
5503
5503
5505
5506
5506
5507
5508
5509
5509
5509
5511
5511
5511
5512
5512
5512
5512
5512
5513
5513
5514
5515
5515
5517
5518
5518
5519
5520
5520
5521
5521
5521
5522
5523
5524
5524
5527
5528
5529
5529
5530
5530
5531
5531
5532
5532
5533
5533
5533
5533
5534
5535
5536
5536
5537
5537
5538
5538
5538
5538
5538
5539
5539
5539
5543
5543
5544
5545
5547
5547
5549
5550
5551
5557
5558
5559
5559
5560
5560
5560
5560
5561
5562
5563
5563
5563
5564
5564
5564
5564
5565
5565
5566
5566
5567
5567
5567
5567
5568
5568
5568
5569
5569
5570
5570
5571
5572
5574
5576
5576
5577
5577
5577
5578
5579
5579
5580
5580
5580
5580
5580
5581
5582
5582
5582
5583
5583
5584
5584
5584
5585
5586
5587
5587
5588
5589
5590
5591
5591
5592
5592
5594
5595
5595
5595
5596
5597
5599
5599
5599
5600
5600
5601
5601
5601
5602
5603
5604
5604
5604
5605
5605
5606
5607
5608
5608
5610
5611
5611
5612
5612
5612
5612
5613
5614
5614
5614
5615
5615
5616
5617
5618
5619
5619
5621
5621
5621
5621
5622
5622
5623
5623
5623
5624
5624
5624
5624
5625
5626
5626
5627
5627
5627
5628
5628
5628
5628
5629
5629
5629
5630
5630
5630
5631
5631
5632
5633
5634
5634
5634
5635
5635
5636
5636
5637
5637
5637
5639
5639
5641
5642
5642
5642
5642
5642
5643
5643
5643
5644
5646
5646
5646
5647
5647
5647
5648
5649
5649
5650
5650
5652
5652
5652
5653
5653
5655
5656
5658
5659
5659
5661
5661
5661
5662
5662
5663
5663
5663
5667
5668
5668
5670
5670
5670
5671
5671
5672
5673
5673
5674
5674
5674
5675
5675
5675
5675
5675
5675
5676
5676
5676
5677
5678
5678
5679
5680
5681
5681
5682
5684
5684
5684
5684
5684
5684
5685
5686
5686
5688
5688
5689
5690
5690
5690
5690
5691
5691
5692
5692
5693
5693
5693
5694
5695
5696
5697
5697
5697
5697
5698
5699
5700
5701
5702
5702
5703
5703
5704
5704
5704
5705
5705
5705
5705
5706
5707
5708
5709
5710
5710
5710
5712
5712
5713
5714
5714
5715
5715
5715
5716
5716
5717
5718
5718
5719
5719
5719
5720
5720
5720
5721
5722
5722
5727
5728
5728
5728
5729
5729
5730
5730
5730
5730
5731
5732
5732
5732
5734
5734
5734
5735
5735
5736
5736
5736
5736
5736
5737
5737
5738
5738
5738
5739
5739
5739
5739
5740
5740
5741
5741
5741
5741
5742
5744
5744
5745
5745
5745
5746
5747
5748
5748
5748
5748
5749
5750
5750
5751
5752
5752
5752
5754
5754
5756
5756
5757
5757
5758
5758
5759
5759
5759
5759
5759
5760
5761
5761
5762
5762
5762
5763
5763
5764
5764
5765
5765
5766
5767
5767
5767
5768
5769
5771
5771
5771
5772
5772
5773
5774
5775
5775
5776
5776
5778
5780
5780
5780
5780
5781
5782
5782
5782
5783
5783
5783
5783
5783
5784
5784
5785
5785
5785
5787
5787
5787
5787
5788
5788
5788
5788
5788
5788
5789
5789
5790
5790
5790
5790
5790
5790
5791
5792
5792
5793
5793
5793
5796
5797
5798
5799
5799
5799
5801
5801
5802
5805
5809
5809
5810
5811
5811
5812
5813
5813
5815
5815
5815
5815
5815
5816
5816
5817
5817
5817
5817
5818
5818
5819
5820
5820
5820
5820
5820
5821
5821
5822
5822
5824
5825
5825
5826
5826
5826
5827
5827
5827
5827
5827
5828
5829
5830
5832
5832
5833
5834
5835
5835
5836
5836
5838
5839
5840
5843
5844
5845
5846
5846
5846
5846
5846
5848
5848
5848
5848
5848
5849
5849
5849
5849
5849
5850
5850
5850
5851
5852
5852
5852
5854
5856
5856
5856
5856
5856
5858
5858
5859
5859
5860
5860
5860
5860
5861
5861
5861
5861
5862
5862
5863
5863
5864
5864
5865
5866
5867
5868
5868
5869
5869
5869
5870
5870
5873
5873
5873
5874
5875
5876
5876
5877
5877
5877
5878
5878
5879
5879
5879
5880
5880
5880
5880
5880
5881
5881
5883
5883
5884
5884
5885
5885
5886
5886
5886
5886
5887
5887
5889
5889
5890
5891
5891
5891
5891
5892
5892
5894
5894
5895
5895
5896
5897
5897
5897
5898
5899
5899
5900
5900
5900
5900
5901
5902
5902
5902
5903
5905
5905
5906
5906
5907
5908
5908
5909
5910
5910
5912
5912
5913
5913
5913
5913
5913
5915
5915
5916
5917
5917
5917
5919
5920
5920
5920
5920
5921
5921
5921
5922
5923
5925
5925
5925
5925
5926
5928
5929
5930
5930
5932
5932
5933
5933
5934
5936
5936
5937
5938
5938
5939
5939
5939
5939
5940
5941
5942
5942
5943
5944
5944
5945
5946
5946
5946
5947
5947
5947
5948
5949
5949
5949
5950
5950
5950
5950
5951
5951
5951
5952
5952
5952
5953
5953
5953
5955
5956
5956
5956
5957
5957
5957
5958
5959
5959
5959
5960
5960
5961
5963
5964
5964
5965
5965
5965
5966
5966
5966
5967
5968
5969
5970
5970
5970
5971
5971
5971
5972
5972
5972
5973
5974
5974
5975
5976
5976
5976
5977
5977
5977
5977
5977
5978
5978
5978
5979
5980
5980
5980
5982
5983
5983
5983
5983
5984
5985
5986
5988
5989
5989
5989
5990
5990
5991
5991
5993
5993
5994
5994
5996
5996
5997
5997
5998
5998
5998
5998
5998
5999
6000
6000
6001
6001
6002
6002
6003
6003
6004
6005
6005
6006
6008
6008
6009
6009
6010
6010
6011
6011
6014
6014
6014
6014
6014
6015
6015
6015
6016
6016
6016
6017
6018
6019
6019
6019
6019
6020
6020
6021
6022
6023
6023
6023
6023
6024
6024
6024
6024
6025
6028
6029
6030
6031
6032
6033
6034
6034
6035
6037
6037
6037
6039
6039
6040
6041
6041
6042
6043
6044
6046
6046
6047
6048
6048
6048
6049
6050
6050
6051
6051
6052
6052
6052
6052
6052
6053
6054
6054
6054
6055
6055
6055
6056
6057
6057
6058
6060
6060
6060
6061
6062
6062
6062
6063
6064
6064
6065
6066
6066
6067
6067
6068
6068
6068
6069
6069
6070
6070
6070
6070
6071
6071
6073
6074
6074
6075
6075
6075
6076
6076
6076
6080
6080
6080
6082
6082
6083
6085
6085
6086
6086
6087
6087
6092
6092
6093
6093
6094
6094
6095
6096
6096
6096
6097
6097
6098
6099
6099
6100
6101
6102
6102
6103
6104
6105
6105
6105
6106
6107
6109
6110
6110
6110
6111
6112
6112
6112
6112
6113
6114
6114
6114
6115
6116
6116
6116
6118
6119
6119
6119
6120
6120
6121
6121
6122
6123
6123
6124
6124
6125
6126
6126
6126
6127
6127
6127
6128
6128
6129
6129
6131
6132
6132
6134
6136
6136
6136
6136
6138
6138
6138
6141
6142
6142
6142
6143
6143
6143
6144
6144
6147
6147
6149
6150
6150
6151
6151
6152
6153
6153
6153
6154
6155
6156
6156
6157
6157
6157
6158
6158
6158
6158
6159
6159
6160
6160
6160
6160
6160
6161
6161
6162
6163
6164
6165
6165
6165
6165
6166
6166
6167
6168
6169
6169
6169
6169
6170
6171
6172
6172
6173
6174
6177
6177
6177
6177
6178
6178
6178
6178
6179
6179
6179
6180
6181
6181
6181
6182
6183
6183
6183
6184
6184
6185
6185
6185
6185
6185
6186
6187
6188
6188
6189
6189
6191
6192
6193
6194
6195
6196
6197
6197
6197
6197
6199
6199
6199
6200
6200
6200
6200
6200
6201
6201
6201
6203
6206
6206
6207
6207
6208
6208
6208
6210
6211
6211
6212
6214
6214
6216
6216
6217
6217
6219
6219
6219
6220
6220
6221
6221
6221
6221
6221
6222
6222
6222
6222
6223
6223
6223
6223
6225
6227
6228
6229
6229
6229
6230
6230
6230
6230
6231
6231
6232
6233
6233
6236
6236
6238
6238
6238
6239
6239
6240
6241
6243
6243
6245
6245
6246
6246
6246
6247
6248
6249
6250
6250
6251
6252
6252
6252
6253
6254
6254
6255
6255
6256
6256
6256
6256
6257
6259
6259
6260
6260
6261
6263
6263
6264
6265
6266
6267
6267
6267
6267
6269
6269
6271
6271
6272
6272
6272
6273
6273
6273
6273
6274
6275
6275
6277
6277
6278
6278
6279
6280
6280
6280
6280
6280
6281
6281
6283
6283
6283
6284
6284
6284
6287
6287
6288
6290
6290
6290
6291
6291
6292
6292
6293
6293
6293
6294
6295
6296
6297
6297
6298
6298
6298
6299
6299
6299
6300
6300
6302
6302
6302
6302
6303
6303
6305
6306
6306
6309
6310
6310
6311
6311
6311
6312
6312
6313
6313
6315
6315
6315
6316
6316
6316
6317
6317
6318
6318
6318
6319
6320
6320
6321
6321
6321
6322
6322
6322
6322
6323
6323
6324
6325
6325
6325
6325
6327
6327
6327
6327
6328
6328
6328
6330
6330
6330
6330
6331
6331
6332
6332
6332
6332
6332
6333
6333
6333
6334
6334
6334
6335
6336
6336
6336
6337
6338
6338
6338
6339
6339
6340
6341
6341
6342
6342
6342
6343
6344
6344
6344
6344
6344
6345
6347
6348
6349
6350
6350
6350
6350
6352
6352
6353
6353
6354
6354
6354
6355
6357
6357
6357
6358
6358
6359
6359
6359
6361
6363
6363
6363
6365
6365
6365
6366
6366
6366
6366
6367
6368
6369
6370
6370
6370
6371
6371
6372
6373
6374
6375
6377
6378
6379
6380
6381
6381
6381
6383
6384
6384
6384
6385
6385
6385
6385
6386
6387
6387
6387
6390
6390
6390
6391
6392
6392
6392
6393
6394
6394
6395
6395
6396
6396
6397
6399
6400
6400
6400
6402
6403
6403
6405
6405
6406
6406
6406
6406
6407
6408
6409
6409
6409
6410
6410
6411
6411
6412
6413
6414
6414
6416
6416
6416
6416
6416
6416
6417
6417
6417
6418
6418
6418
6418
6419
6420
6420
6420
6420
6423
6425
6425
6425
6425
6426
6426
6428
6430
6431
6432
6432
6432
6433
6435
6435
6435
6436
6437
6438
6438
6440
6441
6441
6442
6444
6445
6446
6447
6448
6448
6448
6448
6449
6449
6449
6449
6449
6450
6450
6451
6452
6452
6452
6452
6453
6453
6454
6454
6455
6456
6457
6457
6458
6460
6460
6460
6460
6460
6461
6462
6462
6462
6462
6463
6464
6464
6465
6466
6466
6467
6468
6469
6470
6470
6471
6471
6472
6472
6472
6473
6473
6473
6474
6474
6475
6475
6475
6475
6475
6477
6477
6477
6478
6478
6478
6479
6479
6480
6481
6481
6481
6481
6482
6482
6483
6483
6483
6484
6484
6484
6485
6486
6486
6486
6487
6487
6487
6487
6488
6489
6490
6490
6491
6491
6492
6492
6492
6492
6494
6495
6496
6496
6496
6497
6498
6498
6499
6499
6499
6500
6500
6501
6502
6503
6504
6505
6505
6505
6505
6506
6506
6506
6509
6510
6510
6510
6511
6511
6514
6516
6517
6519
6520
6521
6521
6522
6523
6523
6523
6524
6524
6525
6525
6525
6526
6526
6527
6527
6527
6527
6527
6528
6529
6530
6531
6532
6533
6533
6534
6534
6535
6535
6536
6539
6539
6539
6541
6541
6542
6542
6542
6544
6544
6545
6546
6547
6547
6547
6547
6548
6548
6550
6550
6551
6551
6552
6553
6553
6554
6554
6554
6555
6555
6555
6556
6557
6557
6557
6558
6558
6559
6559
6560
6560
6561
6562
6562
6562
6562
6562
6563
6565
6565
6566
6567
6568
6569
6569
6569
6569
6570
6571
6572
6572
6573
6574
6574
6576
6577
6579
6580
6581
6583
6584
6584
6584
6585
6586
6588
6588
6588
6590
6590
6590
6591
6592
6592
6593
6595
6595
6595
6595
6596
6596
6596
6597
6597
6597
6598
6599
6599
6600
6601
6601
6602
6602
6602
6603
6604
6604
6604
6605
6605
6605
6605
6605
6605
6607
6607
6607
6608
6608
6609
6609
6611
6612
6612
6612
6612
6613
6613
6613
6614
6614
6614
6616
6617
6617
6617
6618
6619
6619
6619
6620
6621
6622
6622
6623
6623
6623
6624
6624
6625
6626
6627
6627
6628
6629
6629
6630
6631
6631
6631
6632
6632
6633
6633
6633
6634
6636
6637
6638
6638
6639
6639
6639
6639
6639
6639
6640
6640
6641
6641
6641
6641
6641
6641
6642
6643
6643
6643
6643
6644
6644
6644
6644
6645
6645
6646
6646
6646
6646
6646
6647
6648
6649
6651
6652
6652
6652
6653
6653
6654
6655
6655
6656
6657
6657
6657
6657
6658
6658
6658
6659
6660
6666
6667
6667
6668
6669
6669
6670
6671
6671
6671
6672
6673
6673
6673
6675
6675
6675
6675
6677
6677
6678
6679
6681
6681
6681
6682
6683
6683
6683
6683
6684
6684
6686
6686
6686
6687
6688
6688
6688
6689
6689
6689
6690
6690
6691
6691
6691
6691
6691
6691
6692
6693
6694
6694
6695
6696
6697
6697
6697
6699
6700
6700
6701
6701
6701
6701
6702
6702
6703
6703
6703
6703
6703
6704
6705
6706
6707
6708
6708
6709
6709
6710
6710
6710
6711
6711
6714
6714
6715
6716
6717
6717
6717
6718
6718
6718
6719
6719
6720
6720
6720
6721
6723
6725
6725
6727
6727
6727
6729
6729
6730
6730
6731
6734
6734
6735
6735
6736
6736
6736
6736
6737
6737
6737
6737
6737
6737
6738
6739
6739
6739
6739
6739
6740
6741
6741
6742
6742
6743
6745
6746
6746
6746
6747
6747
6747
6748
6749
6750
6751
6751
6752
6753
6753
6753
6753
6754
6755
6756
6756
6757
6757
6758
6758
6758
6760
6760
6760
6760
6760
6760
6761
6761
6762
6762
6762
6765
6766
6767
6768
6768
6769
6770
6771
6771
6772
6773
6774
6775
6778
6779
6779
6779
6780
6780
6781
6781
6781
6782
6783
6783
6783
6784
6785
6786
6787
6788
6788
6789
6789
6789
6789
6790
6791
6791
6792
6793
6793
6793
6793
6794
6794
6794
6795
6796
6796
6797
6797
6799
6802
6803
6803
6803
6803
6804
6805
6806
6807
6810
6811
6812
6813
6813
6813
6813
6813
6814
6814
6816
6816
6817
6817
6817
6817
6817
6819
6820
6820
6820
6823
6823
6824
6824
6824
6825
6825
6826
6827
6828
6828
6828
6829
6830
6831
6831
6832
6832
6833
6833
6834
6835
6837
6838
6840
6840
6843
6843
6843
6844
6844
6844
6845
6846
6846
6847
6847
6848
6848
6848
6849
6850
6851
6852
6852
6854
6854
6855
6856
6856
6856
6856
6857
6857
6858
6858
6858
6859
6860
6861
6863
6863
6864
6865
6865
6865
6865
6866
6866
6867
6867
6868
6869
6869
6870
6871
6871
6871
6872
6872
6873
6874
6875
6875
6875
6876
6877
6877
6878
6878
6879
6879
6879
6879
6881
6882
6883
6883
6883
6884
6884
6885
6886
6887
6888
6888
6889
6890
6890
6890
6890
6891
6891
6891
6893
6894
6895
6896
6896
6897
6897
6897
6899
6900
6900
6901
6901
6901
6901
6901
6903
6905
6906
6906
6906
6908
6908
6910
6910
6910
6910
6910
6910
6912
6912
6912
6913
6913
6914
6915
6915
6917
6917
6918
6918
6919
6919
6919
6921
6921
6921
6922
6924
6925
6925
6925
6926
6927
6927
6927
6927
6928
6928
6929
6930
6932
6933
6934
6935
6935
6937
6938
6938
6938
6939
6940
6940
6941
6941
6941
6941
6942
6944
6944
6945
6945
6945
6946
6947
6947
6947
6947
6948
6948
6948
6948
6949
6950
6951
6951
6951
6951
6951
6951
6951
6951
6952
6952
6953
6953
6953
6953
6954
6954
6954
6954
6954
6955
6955
6956
6956
6957
6957
6957
6958
6958
6958
6959
6961
6961
6962
6963
6963
6963
6963
6964
6965
6965
6965
6966
6966
6969
6969
6969
6971
6972
6972
6972
6972
6972
6972
6974
6974
6974
6974
6974
6975
6975
6976
6976
6977
6977
6977
6978
6978
6979
6979
6980
6980
6980
6980
6980
6980
6981
6982
6982
6984
6986
6986
6986
6987
6987
6987
6987
6988
6988
6988
6990
6991
6992
6992
6993
6993
6994
6995
6996
6996
6996
6997
6997
6998
6999
7000
7000
7000
7001
7001
7002
7003
7003
7004
7005
7005
7006
7006
7006
7006
7008
7008
7008
7009
7011
7011
7012
7012
7013
7014
7014
7014
7015
7015
7017
7018
7018
7018
7018
7018
7022
7022
7023
7023
7023
7023
7025
7025
7026
7027
7028
7028
7028
7029
7030
7031
7031
7032
7033
7033
7034
7037
7038
7038
7040
7040
7040
7041
7041
7041
7041
7042
7043
7044
7045
7046
7048
7048
7049
7049
7049
7052
7052
7053
7053
7053
7053
7054
7055
7055
7056
7056
7059
7059
7060
7062
7062
7064
7065
7066
7066
7066
7066
7067
7068
7068
7070
7070
7071
7072
7072
7072
7073
7073
7074
7074
7074
7075
7075
7076
7076
7077
7077
7077
7077
7077
7079
7079
7080
7080
7081
7082
7082
7082
7083
7083
7083
7083
7085
7086
7086
7086
7087
7087
7088
7088
7088
7089
7093
7095
7098
7098
7098
7098
7099
7100
7102
7103
7104
7104
7104
7104
7105
7105
7105
7106
7106
7107
7107
7108
7109
7109
7109
7110
7111
7112
7115
7115
7115
7116
7116
7116
7118
7119
7120
7121
7122
7122
7123
7124
7125
7125
7125
7126
7127
7127
7128
7128
7129
7129
7129
7130
7131
7132
7133
7133
7133
7134
7135
7135
7135
7137
7137
7137
7139
7140
7141
7141
7141
7144
7144
7145
7145
7146
7146
7146
7148
7148
7149
7150
7150
7150
7151
7151
7151
7152
7152
7152
7153
7154
7154
7157
7158
7158
7160
7160
7160
7161
7161
7161
7162
7162
7162
7162
7163
7164
7164
7165
7165
7165
7165
7166
7167
7167
7168
7169
7169
7169
7170
7171
7171
7171
7172
7173
7174
7175
7176
7177
7177
7178
7179
7180
7181
7181
7183
7183
7185
7185
7186
7187
7187
7189
7189
7189
7190
7191
7191
7191
7191
7193
7193
7194
7195
7196
7196
7196
7197
7197
7198
7198
7199
7200
7200
7200
7201
7202
7203
7203
7205
7205
7205
7207
7208
7208
7209
7209
7210
7210
7211
7211
7211
7211
7212
7212
7212
7212
7213
7213
7214
7214
7215
7215
7218
7218
7218
7219
7219
7220
7220
7220
7222
7223
7224
7224
7224
7226
7227
7228
7228
7229
7229
7230
7231
7231
7232
7233
7233
7234
7234
7234
7235
7236
7236
7237
7237
7237
7239
7240
7240
7241
7241
7241
7242
7243
7243
7243
7244
7246
7246
7246
7248
7248
7248
7248
7249
7249
7250
7251
7252
7252
7256
7257
7258
7258
7258
7258
7258
7259
7260
7260
7260
7261
7262
7262
7263
7263
7264
7265
7265
7265
7265
7265
7266
7266
7267
7268
7268
7269
7270
7270
7270
7272
7272
7273
7273
7276
7277
7277
7278
7279
7279
7279
7281
7282
7284
7285
7285
7285
7286
7286
7288
7288
7289
7289
7289
7289
7289
7289
7291
7291
7293
7295
7298
7299
7299
7300
7301
7301
7302
7302
7302
7303
7303
7303
7304
7304
7305
7307
7307
7308
7308
7308
7308
7308
7309
7309
7309
7310
7310
7311
7312
7312
7312
7313
7315
7315
7315
7316
7316
7316
7317
7318
7318
7319
7320
7320
7320
7321
7321
7322
7323
7324
7325
7325
7326
7326
7327
7328
7328
7330
7330
7331
7331
7332
7332
7332
7333
7334
7334
7335
7335
7335
7336
7336
7336
7336
7336
7337
7339
7339
7341
7341
7342
7342
7343
7344
7344
7347
7349
7350
7350
7351
7351
7351
7351
7352
7352
7355
7356
7356
7356
7357
7358
7358
7358
7360
7360
7361
7361
7361
7362
7362
7362
7362
7363
7363
7364
7366
7367
7368
7368
7368
7368
7369
7370
7371
7371
7371
7371
7372
7375
7377
7378
7378
7379
7379
7380
7381
7381
7381
7381
7382
7383
7385
7385
7386
7386
7389
7389
7389
7390
7391
7391
7391
7391
7393
7393
7394
7394
7394
7394
7394
7394
7395
7395
7395
7395
7395
7397
7397
7397
7398
7399
7399
7400
7400
7401
7401
7401
7402
7403
7404
7404
7406
7407
7407
7407
7407
7408
7408
7409
7410
7411
7411
7412
7412
7412
7413
7413
7413
7414
7415
7416
7416
7417
7417
7419
7419
7419
7420
7420
7421
7421
7422
7422
7422
7422
7423
7423
7425
7425
7425
7426
7426
7426
7427
7428
7428
7429
7430
7430
7431
7431
7431
7431
7431
7432
7432
7432
7433
7433
7434
7434
7436
7437
7437
7439
7440
7440
7441
7441
7442
7442
7443
7443
7443
7443
7443
7443
7444
7444
7444
7444
7444
7445
7446
7446
7447
7448
7448
7449
7449
7449
7450
7451
7451
7452
7453
7453
7454
7454
7455
7455
7456
7456
7457
7458
7459
7459
7460
7461
7461
7462
7462
7462
7463
7463
7464
7464
7464
7465
7465
7465
7467
7468
7469
7469
7470
7471
7472
7472
7472
7473
7474
7474
7475
7476
7476
7476
7477
7477
7477
7477
7478
7478
7479
7479
7480
7480
7480
7481
7481
7481
7481
7481
7482
7482
7483
7484
7484
7486
7486
7486
7487
7488
7488
7489
7490
7490
7490
7491
7492
7494
7494
7496
7497
7497
7497
7498
7498
7501
7501
7501
7502
7502
7502
7503
7503
7504
7504
7505
7505
7507
7507
7507
7508
7509
7509
7512
7513
7513
7516
7517
7517
7517
7518
7518
7519
7521
7522
7523
7523
7523
7523
7523
7524
7524
7524
7527
7527
7528
7528
7531
7531
7531
7532
7533
7535
7535
7536
7536
7537
7537
7537
7537
7539
7542
7544
7544
7545
7546
7547
7547
7548
7548
7548
7549
7550
7550
7550
7550
7551
7551
7552
7553
7553
7553
7554
7554
7555
7555
7555
7556
7558
7558
7558
7559
7559
7560
7560
7561
7562
7563
7565
7565
7565
7566
7566
7567
7568
7568
7568
7569
7570
7571
7572
7572
7573
7573
7573
7574
7574
7574
7574
7575
7576
7576
7577
7578
7579
7581
7581
7581
7582
7583
7583
7584
7584
7584
7585
7585
7587
7591
7591
7592
7593
7594
7595
7595
7595
7595
7597
7597
7597
7597
7598
7598
7600
7602
7602
7603
7603
7604
7605
7607
7607
7609
7609
7610
7611
7613
7613
7614
7614
7614
7615
7617
7617
7617
7617
7618
7618
7619
7619
7619
7619
7620
7621
7622
7622
7623
7627
7627
7628
7628
7628
7628
7628
7629
7630
7632
7633
7633
7634
7634
7635
7636
7637
7638
7638
7638
7639
7641
7642
7642
7642
7643
7644
7645
7646
7646
7647
7647
7647
7649
7650
7650
7651
7651
7653
7653
7654
7655
7655
7656
7656
7656
7658
7659
7660
7660
7661
7661
7661
7661
7662
7662
7663
7663
7664
7664
7665
7665
7668
7669
7669
7669
7670
7670
7671
7674
7675
7675
7676
7677
7677
7679
7679
7681
7681
7681
7681
7682
7682
7684
7684
7685
7685
7686
7687
7687
7689
7689
7689
7689
7689
7689
7690
7690
7690
7691
7692
7693
7693
7694
7695
7695
7696
7696
7697
7697
7697
7698
7698
7700
7701
7701
7702
7702
7703
7704
7704
7705
7705
7705
7705
7707
7707
7708
7708
7709
7710
7710
7711
7711
7711
7712
7715
7716
7716
7716
7716
7717
7717
7718
7719
7720
7721
7722
7722
7722
7723
7723
7724
7725
7727
7728
7728
7728
7730
7731
7732
7734
7735
7736
7736
7736
7737
7737
7737
7737
7738
7738
7740
7740
7740
7741
7742
7742
7743
7744
7745
7745
7745
7746
7746
7747
7747
7748
7749
7750
7750
7751
7753
7754
7754
7755
7757
7757
7758
7758
7759
7759
7759
7759
7760
7760
7760
7761
7761
7761
7762
7762
7763
7763
7763
7764
7765
7765
7767
7768
7770
7771
7774
7774
7775
7776
7776
7776
7776
7777
7778
7779
7782
7783
7783
7784
7784
7785
7785
7787
7787
7787
7788
7788
7789
7789
7789
7791
7791
7791
7791
7791
7792
7792
7792
7793
7794
7794
7795
7795
7797
7797
7797
7798
7799
7800
7800
7801
7802
7802
7803
7803
7806
7806
7806
7807
7808
7808
7808
7809
7809
7809
7810
7810
7811
7812
7812
7813
7813
7814
7816
7818
7819
7820
7820
7821
7822
7823
7823
7824
7824
7825
7826
7827
7827
7827
7828
7828
7828
7829
7830
7831
7831
7832
7832
7832
7834
7834
7835
7836
7836
7836
7837
7838
7840
7840
7841
7842
7844
7844
7845
7845
7845
7846
7846
7847
7847
7847
7848
7848
7848
7849
7849
7850
7851
7851
7851
7852
7853
7853
7853
7854
7855
7856
7856
7857
7857
7858
7858
7859
7859
7861
7861
7862
7862
7864
7866
7867
7867
7867
7868
7868
7868
7869
7869
7869
7870
7870
7870
7870
7871
7871
7873
7875
7875
7876
7876
7876
7877
7877
7878
7879
7879
7880
7883
7883
7884
7884
7885
7886
7886
7887
7887
7888
7888
7888
7888
7889
7890
7890
7890
7890
7891
7892
7892
7893
7893
7894
7894
7894
7895
7895
7895
7896
7897
7897
7898
7898
7898
7899
7899
7900
7900
7901
7902
7902
7903
7904
7904
7905
7905
7905
7905
7905
7906
7907
7907
7908
7908
7908
7908
7908
7909
7909
7911
7912
7912
7912
7913
7914
7914
7915
7915
7915
7916
7916
7917
7917
7917
7917
7919
7920
7921
7921
7922
7923
7924
7924
7925
7926
7926
7926
7926
7927
7927
7927
7929
7929
7929
7931
7933
7933
7933
7934
7935
7935
7935
7935
7936
7936
7936
7938
7938
7938
7939
7941
7942
7942
7943
7943
7943
7943
7945
7945
7945
7945
7945
7946
7946
7946
7946
7946
7947
7947
7949
7949
7950
7951
7951
7952
7953
7953
7953
7956
7956
7957
7957
7957
7958
7959
7959
7960
7960
7960
7961
7961
7962
7963
7966
7967
7967
7968
7968
7969
7969
7969
7971
7971
7972
7972
7973
7974
7974
7974
7974
7976
7977
7977
7977
7978
7979
7979
7980
7981
7981
7981
7981
7982
7983
7983
7984
7984
7985
7986
7987
7987
7989
7989
7989
7990
7992
7993
7996
7996
7996
7997
7997
7997
7998
7998
8000
8000
8001
8002
8002
8002
8003
8003
8003
8003
8004
8005
8005
8005
8007
8007
8008
8008
8009
8009
8009
8011
8011
8012
8013
8014
8014
8016
8016
8016
8016
8017
8017
8017
8019
8019
8020
8020
8023
8024
8025
8025
8026
8026
8027
8027
8028
8029
8030
8031
8031
8031
8031
8032
8033
8033
8034
8034
8035
8035
8037
8038
8038
8038
8038
8039
8039
8040
8040
8040
8041
8042
8042
8042
8042
8043
8044
8045
8046
8046
8047
8047
8047
8048
8048
8049
8051
8051
8052
8052
8053
8053
8054
8055
8056
8056
8057
8059
8059
8059
8060
8060
8060
8061
8061
8063
8064
8064
8064
8065
8065
8067
8067
8067
8068
8068
8069
8069
8069
8070
8070
8071
8072
8072
8073
8074
8074
8074
8075
8076
8076
8076
8076
8077
8077
8077
8078
8078
8078
8079
8081
8081
8081
8082
8083
8084
8085
8085
8086
8086
8087
8088
8090
8090
8091
8091
8091
8091
8092
8093
8093
8093
8094
8095
8096
8096
8097
8098
8098
8098
8098
8099
8100
8101
8102
8102
8102
8103
8103
8104
8105
8105
8105
8106
8106
8107
8107
8108
8108
8111
8111
8112
8112
8113
8114
8114
8114
8115
8115
8115
8116
8116
8116
8117
8117
8118
8118
8119
8119
8119
8120
8123
8123
8125
8125
8125
8126
8126
8127
8127
8127
8127
8127
8131
8131
8131
8132
8133
8133
8133
8133
8136
8136
8136
8136
8136
8137
8137
8138
8138
8140
8140
8141
8141
8143
8143
8144
8145
8145
8145
8146
8146
8146
8147
8147
8147
8147
8148
8149
8150
8151
8151
8151
8151
8152
8153
8153
8153
8154
8154
8154
8155
8158
8158
8159
8160
8160
8161
8161
8162
8162
8164
8166
8166
8167
8167
8167
8168
8169
8169
8169
8170
8170
8170
8171
8172
8172
8173
8173
8173
8174
8174
8175
8175
8176
8177
8178
8178
8179
8180
8181
8181
8182
8183
8183
8183
8186
8186
8186
8188
8188
8190
8190
8190
8191
8191
8192
8192
8192
8193
8194
8195
8195
8195
8195
8196
8197
8197
8199
8199
8199
8200
8200
8201
8202
8202
8202
8203
8203
8207
8209
8209
8210
8210
8210
8210
8211
8211
8211
8211
8211
8212
8212
8215
8215
8217
8218
8219
8219
8219
8220
8221
8221
8221
8223
8224
8224
8225
8225
8226
8226
8226
8226
8226
8227
8227
8228
8228
8229
8229
8230
8230
8231
8231
8231
8233
8233
8233
8234
8235
8235
8236
8237
8237
8237
8238
8238
8238
8238
8239
8239
8239
8241
8241
8242
8243
8244
8245
8245
8246
8246
8246
8246
8246
8247
8249
8251
8251
8253
8253
8253
8254
8255
8255
8256
8256
8257
8257
8259
8261
8262
8262
8263
8263
8265
8266
8267
8268
8268
8268
8268
8270
8270
8270
8270
8271
8272
8272
8272
8274
8275
8275
8275
8275
8275
8277
8279
8279
8279
8279
8279
8281
8282
8282
8282
8283
8284
8284
8285
8286
8286
8286
8286
8287
8287
8288
8288
8289
8291
8293
8293
8294
8295
8296
8297
8298
8298
8300
8300
8301
8302
8303
8305
8306
8306
8307
8307
8307
8308
8309
8310
8310
8310
8310
8311
8311
8312
8313
8314
8314
8315
8315
8315
8316
8316
8317
8317
8318
8318
8318
8318
8319
8319
8320
8320
8321
8323
8323
8324
8325
8325
8325
8326
8327
8328
8328
8328
8328
8329
8329
8330
8330
8330
8330
8331
8332
8332
8333
8333
8333
8334
8334
8334
8335
8336
8337
8337
8337
8338
8338
8339
8339
8340
8340
8341
8341
8342
8343
8344
8345
8345
8345
8346
8347
8347
8347
8348
8348
8349
8349
8350
8350
8350
8351
8351
8351
8352
8353
8353
8353
8354
8354
8354
8354
8355
8355
8355
8355
8355
8356
8357
8358
8358
8358
8359
8359
8359
8360
8361
8361
8361
8362
8362
8364
8365
8366
8366
8367
8368
8374
8375
8376
8376
8377
8378
8378
8378
8378
8379
8380
8381
8381
8382
8384
8385
8385
8385
8386
8387
8387
8388
8388
8389
8389
8390
8391
8391
8392
8392
8393
8393
8393
8393
8393
8394
8394
8395
8395
8395
8395
8397
8397
8398
8398
8400
8400
8400
8400
8401
8401
8401
8402
8402
8402
8402
8404
8404
8404
8406
8407
8407
8408
8408
8408
8408
8409
8410
8410
8412
8412
8413
8414
8415
8415
8415
8415
8416
8416
8416
8416
8416
8417
8417
8417
8417
8418
8418
8418
8418
8419
8419
8419
8419
8419
8420
8423
8423
8424
8425
8427
8428
8428
8428
8428
8428
8428
8429
8429
8430
8431
8431
8432
8433
8434
8434
8435
8435
8435
8436
8436
8436
8437
8437
8437
8438
8439
8439
8439
8439
8441
8441
8441
8442
8442
8442
8443
8444
8444
8445
8445
8446
8447
8447
8447
8448
8450
8450
8450
8450
8450
8452
8452
8453
8453
8453
8454
8454
8454
8455
8458
8458
8458
8458
8460
8461
8461
8461
8461
8462
8462
8462
8462
8463
8463
8463
8465
8465
8465
8466
8466
8468
8468
8469
8469
8470
8470
8471
8471
8472
8472
8472
8473
8473
8473
8473
8475
8475
8476
8476
8476
8476
8477
8477
8477
8477
8478
8478
8479
8479
8480
8480
8480
8481
8481
8481
8481
8484
8485
8485
8485
8485
8485
8486
8486
8486
8487
8487
8487
8488
8489
8489
8489
8492
8492
8492
8493
8493
8494
8495
8497
8498
8500
8501
8501
8502
8502
8502
8503
8503
8504
8504
8505
8505
8505
8505
8505
8506
8506
8507
8507
8510
8510
8511
8512
8512
8514
8514
8514
8517
8518
8518
8519
8520
8520
8520
8520
8523
8523
8523
8524
8525
8525
8528
8528
8528
8528
8530
8530
8531
8533
8534
8535
8535
8536
8536
8537
8539
8540
8540
8541
8541
8543
8543
8543
8543
8544
8545
8545
8545
8545
8545
8546
8547
8548
8548
8549
8550
8550
8550
8550
8551
8552
8552
8553
8554
8554
8555
8556
8557
8558
8558
8559
8560
8560
8561
8563
8563
8563
8563
8564
8564
8564
8565
8565
8566
8566
8567
8567
8567
8568
8569
8569
8569
8570
8571
8573
8575
8575
8575
8577
8578
8578
8578
8579
8579
8580
8583
8584
8584
8584
8584
8585
8586
8586
8586
8587
8587
8588
8588
8589
8589
8590
8590
8591
8594
8594
8594
8595
8595
8595
8595
8596
8597
8599
8599
8600
8601
8603
8603
8603
8603
8604
8604
8605
8605
8605
8606
8606
8606
8608
8610
8610
8611
8612
8613
8613
8615
8616
8616
8617
8617
8617
8618
8619
8620
8621
8622
8623
8623
8624
8626
8626
8627
8627
8627
8628
8628
8629
8630
8630
8631
8631
8631
8632
8633
8633
8634
8634
8635
8635
8636
8637
8638
8639
8640
8641
8641
8641
8641
8642
8642
8643
8643
8644
8645
8645
8645
8645
8646
8647
8647
8648
8648
8648
8648
8648
8649
8650
8650
8651
8651
8651
8652
8652
8652
8653
8654
8654
8655
8655
8656
8659
8659
8660
8660
8663
8663
8664
8665
8666
8666
8666
8668
8669
8670
8671
8672
8674
8674
8675
8676
8677
8678
8679
8680
8680
8681
8681
8682
8684
8685
8687
8687
8687
8687
8688
8688
8688
8689
8689
8689
8691
8691
8691
8691
8692
8694
8695
8695
8695
8696
8696
8696
8697
8698
8698
8698
8699
8699
8701
8701
8702
8702
8703
8703
8704
8705
8707
8708
8708
8709
8710
8711
8712
8713
8713
8714
8714
8715
8715
8716
8716
8717
8717
8718
8719
8719
8721
8721
8722
8722
8722
8722
8723
8724
8724
8724
8725
8725
8725
8727
8729
8729
8731
8731
8732
8733
8733
8733
8733
8734
8734
8734
8734
8735
8735
8735
8735
8736
8736
8737
8737
8737
8738
8739
8739
8739
8740
8740
8741
8741
8741
8742
8742
8743
8744
8744
8745
8745
8745
8745
8745
8746
8746
8746
8747
8747
8747
8747
8747
8748
8748
8749
8749
8750
8750
8751
8751
8751
8751
8752
8753
8754
8755
8756
8756
8757
8757
8758
8759
8759
8759
8761
8761
8761
8762
8762
8762
8763
8763
8764
8764
8767
8768
8768
8769
8772
8772
8773
8773
8775
8777
8777
8777
8778
8779
8781
8781
8782
8782
8782
8783
8784
8784
8784
8787
8788
8788
8790
8792
8793
8794
8794
8795
8796
8797
8797
8798
8798
8799
8799
8802
8802
8803
8803
8803
8803
8804
8804
8805
8806
8806
8809
8809
8809
8809
8809
8809
8812
8812
8813
8813
8815
8817
8818
8818
8818
8819
8819
8820
8820
8820
8821
8821
8821
8823
8824
8824
8825
8826
8826
8827
8828
8828
8829
8830
8830
8831
8833
8833
8833
8834
8834
8835
8836
8837
8837
8839
8840
8842
8842
8842
8844
8844
8845
8846
8846
8847
8847
8848
8848
8849
8849
8850
8850
8852
8854
8854
8854
8856
8857
8857
8857
8857
8858
8858
8859
8860
8861
8862
8862
8862
8863
8863
8863
8863
8864
8866
8868
8869
8869
8870
8870
8870
8871
8873
8873
8874
8875
8875
8875
8876
8876
8877
8877
8877
8877
8878
8881
8882
8883
8883
8883
8884
8884
8885
8886
8886
8886
8886
8887
8887
8888
8888
8888
8888
8888
8888
8889
8889
8890
8891
8891
8891
8894
8894
8895
8895
8895
8895
8896
8896
8896
8897
8897
8897
8898
8898
8899
8900
8902
8904
8904
8905
8905
8906
8907
8907
8907
8908
8908
8909
8910
8910
8911
8911
8913
8914
8914
8914
8914
8916
8916
8916
8916
8916
8916
8917
8918
8918
8918
8919
8920
8920
8920
8920
8920
8921
8921
8921
8922
8922
8922
8924
8925
8925
8925
8927
8927
8929
8929
8929
8930
8931
8931
8931
8932
8932
8933
8933
8934
8936
8937
8937
8938
8939
8939
8939
8939
8941
8941
8941
8943
8943
8943
8943
8946
8950
8950
8951
8952
8953
8953
8954
8956
8956
8958
8958
8958
8959
8959
8959
8960
8960
8960
8961
8961
8961
8962
8962
8963
8963
8963
8964
8964
8965
8966
8966
8967
8967
8967
8967
8968
8969
8970
8970
8972
8972
8972
8972
8973
8973
8973
8973
8975
8975
8976
8976
8976
8977
8979
8981
8982
8982
8984
8984
8984
8984
8984
8984
8985
8985
8987
8988
8989
8991
8991
8991
8991
8992
8992
8993
8993
8994
8994
8994
8995
8995
8995
8995
8995
8996
8996
9001
9001
9001
9002
9002
9002
9003
9004
9005
9005
9006
9006
9007
9007
9007
9008
9008
9008
9008
9008
9008
9008
9009
9009
9010
9010
9011
9011
9013
9013
9013
9014
9015
9015
9015
9015
9017
9018
9018
9018
9018
9018
9019
9021
9022
9023
9023
9023
9024
9024
9024
9025
9026
9026
9027
9027
9027
9028
9029
9030
9031
9031
9032
9033
9034
9034
9035
9035
9036
9036
9037
9038
9038
9038
9039
9039
9039
9040
9041
9042
9042
9043
9043
9044
9045
9046
9048
9048
9048
9049
9052
9052
9052
9053
9053
9055
9055
9056
9056
9057
9058
9059
9059
9059
9060
9060
9061
9061
9062
9062
9062
9062
9064
9065
9065
9066
9067
9068
9068
9069
9069
9070
9070
9070
9071
9071
9072
9072
9073
9073
9074
9075
9076
9076
9078
9078
9080
9081
9084
9084
9084
9088
9088
9089
9089
9090
9090
9090
9090
9092
9093
9093
9093
9093
9095
9095
9096
9096
9096
9097
9098
9098
9098
9098
9099
9099
9099
9100
9100
9101
9101
9102
9103
9103
9104
9105
9105
9108
9108
9109
9110
9111
9111
9112
9112
9112
9112
9112
9113
9114
9114
9114
9116
9116
9117
9117
9117
9119
9120
9120
9120
9121
9124
9124
9124
9125
9126
9126
9126
9126
9127
9127
9127
9128
9128
9128
9129
9130
9130
9131
9131
9132
9132
9133
9133
9134
9134
9134
9135
9135
9138
9138
9138
9139
9139
9140
9141
9141
9141
9142
9142
9143
9144
9144
9144
9146
9146
9146
9147
9147
9149
9151
9151
9152
9152
9153
9154
9155
9155
9156
9156
9157
9158
9159
9159
9159
9160
9160
9160
9161
9162
9162
9162
9163
9163
9164
9165
9165
9166
9167
9168
9168
9169
9169
9170
9170
9170
9171
9171
9173
9174
9175
9178
9179
9179
9179
9179
9180
9180
9181
9181
9181
9181
9182
9182
9182
9183
9183
9186
9186
9187
9187
9187
9187
9188
9189
9189
9189
9190
9191
9192
9193
9193
9193
9193
9194
9194
9194
9194
9194
9195
9196
9196
9196
9197
9197
9197
9200
9201
9201
9202
9204
9204
9204
9204
9205
9206
9206
9207
9208
9209
9211
9212
9215
9215
9215
9217
9218
9218
9218
9218
9218
9220
9221
9221
9221
9222
9222
9224
9224
9226
9227
9227
9227
9227
9228
9228
9229
9230
9230
9232
9232
9232
9233
9233
9233
9234
9235
9236
9236
9236
9236
9237
9237
9237
9238
9239
9239
9240
9240
9240
9241
9241
9242
9244
9244
9244
9245
9245
9246
9248
9248
9248
9248
9249
9249
9250
9250
9250
9250
9251
9252
9252
9253
9254
9254
9255
9255
9256
9257
9257
9258
9258
9259
9259
9261
9261
9261
9262
9262
9262
9262
9264
9264
9264
9264
9265
9266
9266
9268
9268
9269
9269
9269
9272
9272
9274
9275
9276
9276
9276
9276
9276
9277
9277
9278
9278
9278
9278
9278
9279
9280
9281
9282
9282
9282
9283
9283
9284
9284
9285
9286
9286
9286
9286
9288
9288
9290
9290
9291
9293
9294
9294
9295
9295
9296
9298
9301
9302
9302
9302
9303
9304
9304
9307
9307
9307
9308
9309
9310
9310
9311
9311
9314
9315
9315
9315
9317
9317
9318
9318
9318
9318
9319
9320
9323
9323
9324
9324
9324
9324
9325
9325
9325
9327
9328
9328
9330
9331
9332
9332
9332
9332
9333
9333
9334
9334
9335
9335
9335
9336
9336
9336
9337
9338
9339
9339
9339
9340
9341
9341
9342
9342
9342
9343
9343
9343
9344
9344
9345
9345
9346
9346
9346
9346
9348
9349
9349
9350
9350
9350
9351
9351
9352
9352
9353
9353
9355
9355
9356
9357
9357
9358
9358
9358
9360
9360
9361
9362
9363
9363
9364
9364
9365
9365
9366
9367
9369
9369
9370
9371
9371
9371
9372
9376
9376
9376
9377
9377
9377
9378
9378
9378
9379
9380
9380
9381
9382
9382
9383
9383
9383
9384
9385
9386
9386
9388
9388
9388
9388
9389
9389
9390
9391
9391
9391
9394
9394
9395
9396
9396
9396
9397
9397
9397
9398
9398
9399
9399
9399
9399
9399
9400
9400
9401
9401
9402
9402
9403
9404
9404
9405
9405
9405
9407
9408
9408
9408
9408
9409
9409
9411
9411
9411
9411
9411
9412
9412
9413
9413
9413
9414
9414
9414
9415
9415
9415
9417
9417
9417
9417
9417
9417
9418
9419
9420
9420
9421
9423
9423
9424
9425
9425
9425
9425
9426
9427
9428
9428
9429
9429
9430
9431
9431
9432
9432
9432
9434
9434
9434
9436
9436
9437
9437
9439
9439
9439
9440
9440
9440
9440
9440
9441
9441
9441
9442
9443
9443
9444
9444
9444
9444
9444
9445
9445
9446
9447
9447
9448
9448
9448
9449
9450
9450
9450
9452
9452
9453
9453
9454
9454
9455
9456
9456
9456
9457
9457
9458
9458
9459
9459
9460
9461
9461
9462
9463
9463
9463
9464
9466
9466
9466
9466
9466
9468
9469
9469
9469
9470
9470
9471
9471
9472
9472
9473
9474
9474
9474
9475
9475
9477
9478
9479
9480
9481
9483
9483
9483
9484
9485
9486
9486
9487
9487
9488
9488
9488
9488
9489
9489
9491
9494
9494
9494
9495
9495
9495
9499
9499
9499
9500
9501
9502
9502
9502
9504
9504
9505
9505
9507
9507
9508
9509
9509
9511
9512
9512
9513
9514
9514
9515
9515
9516
9518
9520
9520
9520
9520
9520
9520
9521
9521
9521
9522
9522
9523
9523
9524
9524
9526
9526
9526
9527
9527
9531
9531
9532
9533
9533
9534
9536
9536
9536
9537
9539
9541
9542
9542
9542
9542
9542
9543
9543
9543
9544
9545
9545
9547
9548
9549
9549
9549
9550
9550
9551
9551
9551
9551
9553
9554
9556
9556
9557
9557
9558
9558
9558
9559
9559
9559
9560
9560
9562
9562
9563
9565
9566
9566
9567
9567
9568
9570
9570
9571
9571
9572
9573
9573
9573
9574
9575
9577
9577
9577
9578
9579
9579
9580
9581
9581
9581
9581
9582
9582
9583
9583
9583
9583
9584
9584
9586
9587
9587
9587
9589
9589
9591
9591
9591
9591
9592
9592
9595
9595
9596
9596
9598
9598
9599
9600
9600
9601
9602
9602
9602
9603
9604
9604
9604
9605
9605
9606
9606
9607
9608
9610
9611
9612
9614
9614
9615
9615
9616
9617
9617
9620
9620
9620
9620
9620
9621
9621
9622
9622
9624
9625
9625
9625
9626
9627
9627
9627
9628
9628
9628
9629
9629
9631
9633
9634
9634
9634
9634
9634
9636
9636
9636
9637
9638
9639
9640
9640
9640
9641
9641
9641
9641
9643
9644
9644
9644
9645
9646
9646
9646
9647
9647
9648
9648
9648
9649
9649
9649
9650
9653
9653
9653
9653
9654
9654
9655
9656
9656
9657
9657
9657
9657
9658
9660
9660
9660
9662
9664
9664
9665
9666
9667
9667
9668
9668
9668
9668
9669
9672
9672
9674
9674
9674
9674
9674
9676
9676
9677
9678
9678
9679
9679
9679
9680
9680
9682
9682
9682
9683
9683
9683
9683
9684
9684
9685
9685
9686
9687
9687
9687
9687
9689
9690
9690
9691
9691
9692
9693
9693
9694
9694
9695
9695
9696
9696
9696
9697
9697
9697
9698
9699
9699
9699
9700
9700
9701
9701
9702
9703
9704
9704
9705
9705
9706
9707
9707
9709
9709
9710
9711
9711
9711
9712
9712
9712
9712
9713
9713
9713
9714
9717
9718
9718
9718
9718
9720
9720
9721
9721
9722
9722
9724
9724
9725
9725
9726
9727
9727
9727
9727
9727
9728
9728
9728
9728
9729
9729
9732
9733
9733
9736
9738
9738
9738
9739
9739
9740
9741
9741
9742
9742
9743
9743
9744
9744
9744
9745
9745
9746
9746
9747
9747
9748
9749
9751
9751
9751
9753
9754
9754
9755
9755
9755
9755
9756
9757
9757
9757
9758
9759
9760
9760
9763
9763
9763
9763
9764
9764
9764
9764
9765
9767
9767
9767
9767
9768
9769
9770
9770
9771
9771
9771
9772
9772
9773
9773
9773
9773
9774
9774
9774
9774
9774
9774
9775
9775
9775
9778
9778
9779
9781
9781
9783
9784
9784
9784
9785
9785
9787
9787
9787
9788
9789
9789
9790
9790
9790
9790
9791
9791
9791
9791
9792
9792
9793
9793
9795
9795
9796
9796
9797
9798
9800
9801
9802
9802
9803
9803
9803
9804
9805
9806
9806
9807
9807
9807
9808
9809
9809
9809
9810
9811
9811
9811
9811
9812
9812
9812
9812
9813
9814
9815
9815
9815
9815
9817
9817
9817
9818
9819
9819
9819
9819
9820
9821
9821
9821
9822
9823
9823
9823
9824
9825
9825
9826
9826
9826
9827
9828
9828
9829
9829
9830
9831
9832
9832
9832
9832
9832
9832
9834
9835
9835
9838
9838
9839
9839
9840
9840
9841
9841
9842
9842
9844
9844
9845
9845
9846
9847
9847
9849
9849
9850
9850
9851
9852
9853
9853
9854
9855
9855
9856
9856
9858
9858
9860
9860
9860
9861
9861
9862
9862
9863
9864
9865
9865
9866
9866
9866
9867
9867
9868
9869
9869
9869
9871
9871
9872
9872
9873
9873
9873
9875
9876
9876
9882
9883
9884
9884
9887
9887
9888
9890
9890
9893
9894
9894
9895
9895
9895
9896
9896
9897
9898
9898
9898
9899
9900
9901
9901
9902
9902
9902
9902
9902
9903
9903
9904
9904
9904
9905
9905
9905
9905
9906
9908
9908
9908
9909
9910
9914
9914
9914
9915
9915
9915
9917
9917
9918
9919
9919
9921
9921
9924
9924
9924
9924
9925
9925
9926
9927
9927
9928
9928
9928
9928
9929
9929
9930
9930
9931
9932
9932
9933
9933
9933
9933
9933
9934
9934
9934
9934
9935
9936
9938
9938
9938
9938
9939
9939
9940
9941
9942
9943
9943
9945
9945
9946
9946
9946
9946
9947
9948
9949
9949
9951
9951
9952
9952
9952
9954
9954
9954
9955
9956
9956
9956
9956
9956
9957
9957
9958
9958
9959
9959
9960
9961
9961
9961
9961
9961
9962
9962
9963
9964
9964
9964
9964
9965
9965
9965
9967
9967
9969
9971
9971
9972
9972
9974
9974
9974
9974
9974
9974
9974
9975
9976
9976
9977
9977
9977
9978
9978
9979
9979
9979
9980
9982
9982
9982
9983
9985
9986
9986
9987
9988
9988
9988
9990
9990
9991
9992
9995
9996
9996
9996
9996
9997
9997
9998
9999
9999
9999
10000
10000
10000