5241
1917
7809
9986
6251
7941
6949
5563
1946
3800
1858
2741
9395
1731
1641
2347
7902
1230
6316
3068
4430
6627
3163
1999
2525
6726
7786
8589
4910
2715
2454
2570
3914
5937
8890
5438
2435
9308
7353
6350
3422
9815
8859
2217
1066
4745
6153
1246
4953
5938
1197
3355
7316
8158
5828
6441
2790
4777
8723
1130
2881
5800
2326
2148
8334
3256
6149
9085
8566
5256
7490
1070
3807
5782
1971
3509
6592
5045
4130
9484
3307
9582
7410
9964
2503
5572
1762
1946
8033
3507
8739
6961
9463
6499
3358
8224
7078
4998
3697
5716
1703
3064
4209
9604
1371
4555
4973
8794
6970
9711
7760
1631
5179
5792
6159
8821
9294
2260
6644
2095
7766
8274
5796
6672
9232
1654
6410
8404
3752
1104
6310
4956
7368
5342
3074
8828
6089
8281
5729
7176
5853
4524
3431
3287
6499
3686
8390
4551
6538
4784
8590
9563
3523
4431
3182
9798
1468
3719
3807
2864
7516
2679
7245
5163
1795
1865
5665
9951
4148
6442
8699
5193
1692
3080
4898
8020
4360
7196
7777
1151
7658
3710
3815
3418
6977
4681
4171
2750
4894
8213
2303
5415
6764
9396
5077
6371
4776
7283
7214
4982
1803
1992
6651
7285
8850
7355
4386
5765
1701
8006
6411
1803
6155
4788
8043
3631
1551
3624
3302
8980
8702
7656
1680
7594
2130
8117
5131
6654
9233
1811
2012
4091
2015
7799
6716
9159
7715
5379
2457
9333
9371
5316
7134
8845
2746
6901
2877
7259
6056
5153
4467
9258
3984
9398
6580
5097
3598
8718
4753
7013
3355
6339
7952
1473
6594
1979
5235
5476
5426
5140
7936
6640
4194
4729
5284
9865
8721
7308
3519
8060
7716
8776
5125
4680
4407
6857
5875
4194
2344
2666
9850
8615
4460
4552
4810
5919
3394
1663
1037
7743
8386
4765
4872
4511
1522
1982
5517
7986
7401
3849
6623
7085
8093
2596
3806
6828
3381
6609
4820
8645
3413
4972
8868
4402
2582
5036
1038
2449
8862
1782
9207
4295
4263
5953
8827
1708
9782
1482
1218
4948
8467
8307
3463
8599
1203
3716
6571
4769
8890
1491
6181
2314
5317
7639
3627
6750
2201
7904
4439
1025
7739
1005
9985
7045
5265
6775
5020
6629
8312
2299
7640
1618
9539
2488
6211
5692
7989
5783
2848
7118
1681
7350
3958
4766
8745
5711
7615
8904
3630
3485
4006
1446
5789
3716
6865
6916
8411
9898
9298
2104
5364
1867
1813
2987
5374
3915
6809
6495
1093
1481
5668
4803
6116
9323
9936
6224
5911
6123
8972
5551
4262
8185
1205
6656
5452
3058
6572
2251
5869
9347
6269
3406
3743
6138
7152
6813
4144
9776
2912
4469
5713
8681
7329
3268
7210
6395
1765
9741
9718
8315
1523
1360
6643
2538
7743
1034
9778
1581
4233
3347
2002
7579
8461
1270
4969
7579
2765
4951
8161
4021
4502
2973
1014
9264
3318
9268
9592
1330
6512
4166
5465
4044
8479
1707
5369
5085
5751
8440
6196
6390
3923
7998
5345
8454
8385
9259
5369
9441
5069
7519
3152
9721
4802
6728
9513
3855
6367
2206
6033
2226
9637
2081
3940
2561
8450
5494
8237
3273
9817
1381
7634
4806
8713
9485
7516
4653
4095
6928
6821
3080
5451
8999
9934
1328
8551
5724
1924
3869
6331
2842
3696
2265
4197
7851
4078
9964
7023
7438
6946
4598
8987
3851
7401
1967
4783
5653
1162
8681
6563
9035
7673
5878
8518
7787
6255
3317
3978
5517
9112
4533
7447
5047
9482
6419
2508
6235
8501
8894
8158
7987
9634
3621
5558
9041
1545
5730
1370
2480
7191
7028
2042
4833
2857
8088
4351
4064
2576
3111
3371
9904
6847
7893
9744
9161
9887
5749
9830
6596
8020
6758
6623
1784
1756
7271
8191
8059
1508
1027
9721
8675
5099
1469
4083
1339
8876
6990
2093
9558
2375
8163
2065
7809
2825
2326
8758
3696
6287
4796
8437
5658
7667
4568
7124
6410
8990
7707
5456
5898
6567
9812
5598
9722
3867
2398
8501
5352
7420
6524
9761
5903
5561
5893
5020
1206
4450
4126
4494
1892
6211
7159
3583
5666
8330
1115
8854
4055
6816
7060
1962
8500
6877
9107
7310
2773
9751
2378
3150
5839
1564
2263
9765
5293
8738
8418
3307
5034
2378
4454
5020
4016
4164
7765
8062
5502
5060
2341
2409
8306
1905
4210
2095
1614
5236
2362
6014
8122
1319
6917
3745
3349
6750
4004
4593
3314
3368
2217
9694
4355
1998
5733
2172
2658
1726
5181
3106
4326
3804
4879
9737
2658
8515
2769
3985
5424
4773
5652
9546
8918
1910
1366
2631
7373
8235
5647
7203
2546
1513
5295
9418
7370
1237
1429
4375
7322
8355
6807
8082
7176
7860
1123
6973
3367
7149
7730
7477
2003
1860
9680
6137
2406
1069
7756
6484
6979
6627
7200
5562
6156
4040
1626
8363
6036
6616
7968
1948
7013
2209
2640
6696
7648
4530
1839
2943
5453
7038
5484
2785
3906
9670
2939
9731
9932
4487
9108
1573
6688
4074
1643
4135
5868
8572
1235
1689
8191
7575
8068
7359
6018
4543
7842
1079
2060
9416
8685
1952
2334
8657
7988
7407
8655
4943
9090
5680
2223
7832
3374
7985
1830
2155
5087
3130
3974
3451
7944
1909
4609
6764
4359
5468
6197
9290
2028
9447
1546
1566
2252
6030
3674
8935
6924
2210
9074
1868
5489
7698
3129
5968
4835
9824
7515
3298
4745
7117
5035
5870
2929
1088
3606
6818
1389
7247
8483
7209
4403
7395
5495
7260
7283
5278
2554
1849
9218
2066
5588
3886
7405
2537
8221
4123
8993
4945
8499
9592
4816
1125
7355
8537
4367
3776
8334
5171
8724
9703
4043
8805
6447
4034
4283
7677
7149
1563
6162
3993
7873
3124
8291
4963
5400
1685
9236
3221
6624
9791
3647
3236
5818
4504
4931
5252
7584
4796
5065
3520
1426
9418
8225
8048
3974
2827
5839
8252
8718
8008
4221
3705
2478
7655
7382
5200
7058
5170
5081
8123
4143
4991
4853
6882
6612
5745
3384
4218
6071
4681
7693
6831
6117
8795
3167
4236
9678
2590
1409
3414
6284
3401
1811
9297
9970
1953
3568
7489
4484
1548
8387
7339
6558
1999
2247
6280
6206
6367
1741
4980
6627
4913
4005
3517
1740
2677
8161
5485
2902
6088
7916
4125
5069
9155
2526
2299
6649
1047
2760
1190
1547
4893
7685
1362
1109
4822
7823
9176
6809
8281
1432
9099
4988
9395
4416
2377
5182
6259
1510
7640
2916
9582
1602
9665
6350
4086
1379
1360
9058
4952
5284
5921
9279
4743
9350
9090
8902
6020
4503
3060
6974
4189
8125
3881
4661
3452
6474
9684
6037
6487
6272
7549
7767
8845
7445
8880
4701
1611
1853
1201
9390
4575
1715
8902
9540
8408
3511
2017
1470
5106
9461
8861
5312
5801
1985
5278
7350
8233
9642
3235
7480
7213
1759
9714
4409
1486
8615
2012
2698
2681
3880
6008
8408
7783
1207
4714
6859
4731
6906
7647
4293
5857
5939
1598
2194
3612
4020
6696
1198
1272
1802
1530
3556
5666
8032
1274
2304
3223
8028
8064
2749
4042
2806
5011
1472
8900
5594
5884
2238
7041
5224
3748
6611
8866
8275
6423
6167
4679
4176
2521
1064
3251
1977
4111
2333
8271
9769
8527
7407
2218
1763
4705
7243
4417
1257
7544
5997
2648
2509
4058
2850
2867
3254
1925
9662
4174
6627
9353
7682
7961
5294
8255
6528
6614
3898
3758
2088
6954
7570
7264
7236
9334
1098
8917
8852
8940
3835
9606
5784
4959
9273
7248
6243
7396
1998
1652
2830
9330
5055
5246
1289
9642
7929
2444
1533
2861
9044
1437
3349
7938
6243
3905
6052
7714
3000
6478
7526
8096
9406
1704
8810
6183
7404
4852
4553
7938
8209
4371
7916
8548
1416
1823
5538
9142
6734
3716
5634
1156
2555
9282
5714
3118
2106
7554
1559
6301
3164
3330
3893
2323
2770
4242
9239
5108
8310
1706
5470
4388
5026
4221
7825
7539
8953
5549
1865
5858
1029
5912
5707
1833
8915
8415
7103
9727
7114
4041
2002
2181
9389
2037
4454
8454
9340
2233
3551
6204
1005
5327
9415
2796
6592
9627
9834
8608
5834
2668
2667
7064
9998
6228
8236
8783
4071
4482
5606
4035
1925
3389
8386
5067
4056
8275
6113
2443
8833
9513
9869
8675
6860
3747
5428
2516
9997
6281
3037
5324
3251
1630
3527
7640
8825
2706
5614
9820
5169
8488
8191
7918
9392
4454
6341
7494
6224
5046
5882
7118
1435
3241
4679
3288
8111
9540
1476
3459
7182
5815
9296
1226
9609
1233
7237
2898
1481
3484
5716
7055
8796
6949
6518
5663
7583
2378
8178
5346
9586
8354
3724
4597
8608
4156
1834
6075
1915
5528
5269
3980
5643
5273
2886
2661
9253
8771
1508
2401
7283
7383
4598
1632
4433
7456
1043
5947
1794
4907
4507
7507
2191
1054
9046
1194
2964
6310
5152
4708
1369
8813
7513
4163
7187
7110
5410
8756
6202
3757
3378
4882
1245
9654
4743
5714
8451
3497
4430
8614
1899
2006
1566
8087
1821
7375
1161
7734
1826
1166
5606
3031
9686
4737
5039
3191
3423
4793
9428
3186
5569
9862
2645
2125
3228
8236
1328
3321
4701
1584
9701
9899
3436
3763
6599
6083
5415
9640
6449
9493
7559
3102
8075
5817
3464
9980
4285
8175
3596
7532
5221
3920
2872
9316
8549
9103
6077
1817
9606
5112
3967
7893
7093
1372
1474
9717
3542
5678
5007
5485
9440
7391
9551
7098
3665
1061
5057
7621
2888
4503
2284
2877
1785
9591
8899
5499
1270
2974
6536
4963
7421
9903
8471
1219
4517
1264
6060
4294
7966
9946
8472
9665
6509
8046
6190
6288
3782
7202
4581
3023
7671
8812
2408
9958
6287
6402
8443
7721
4112
7709
9020
3389
9396
7998
2364
1579
2984
3797
7342
1125
6892
4815
1569
5686
4547
4719
8346
8594
7268
3914
6793
7737
1566
1556
6369
7981
9086
3404
8497
7329
9003
7267
1631
3067
1885
6943
1374
5290
8842
9848
2206
2763
1306
1443
5147
3740
2840
3107
8374
8749
7250
1210
2770
6059
2860
6449
4162
8215
1589
3494
8827
5185
2230
7657
1336
5491
2182
5930
6289
9479
9304
8358
6256
2981
9851
2141
2887
7148
6583
8923
8003
5508
9580
4158
8901
7280
2418
2127
7379
5484
9974
8010
4678
4747
4946
1727
8853
6995
5099
3338
8380
7419
4046
2542
3185
8653
8728
8952
5956
7647
8537
3748
8022
1589
1112
1274
8462
3736
8085
2043
7315
5806
8406
8449
2567
5852
3041
9713
1070
2773
1108
1300
7203
4008
1390
6179
8454
5146
8365
2384
4445
5100
4727
3551
1524
8466
5050
6363
1315
4271
5101
5338
2301
6050
8091
9065
9251
9316
5179
3989
3061
3059
5036
1351
4921
6690
9370
1121
8977
4423
6624
9003
4930
2401
4566
9429
9538
2570
7001
6523
1477
2584
3781
5943
3436
9950
3877
1721
1617
5146
3356
8285
2910
2552
2009
3731
2573
4528
1674
1746
7742
9717
5297
5846
9061
9096
9050
4743
6526
3264
7237
3551
7237
4420
3165
4003
7531
1916
5041
7779
2335
9767
1451
2892
5474
5128
9416
4545
9576
9205
1580
9063
1958
3521
3108
9589
4539
2533
1718
7408
9199
5646
3707
3512
9677
2702
6100
4095
9177
9303
1905
4686
9086
5167
7309
9092
4491
4029
7336
6161
4614
7869
3357
2094
7991
7797
1886
2908
9938
5012
7903
2291
6769
5551
6523
9551
3743
8423
3698
5308
5984
8454
9322
1740
8697
8435
9934
8510
5714
6216
3901
8546
7503
9817
1061
6693
2954
6359
4761
8158
3729
3206
8534
9820
2654
6031
1107
9990
2239
7937
8567
6018
5365
1359
8970
6296
7679
7840
4313
5872
1898
1538
5774
2176
1008
8048
6998
1387
4940
7808
3283
6296
7169
8101
4971
8559
6073
6535
8872
5729
6736
3814
3654
8491
3813
8155
5868
2391
5078
2970
4786
3354
6234
1314
1793
7945
1565
1499
8196
7619
6148
9586
1052
8463
4757
6371
3997
4783
3239
5102
5122
6825
8159
4925
8878
2492
7305
5640
8515
7271
4350
7696
5652
1211
7532
1467
3538
2413
3019
5015
4027
9261
5382
5525
3068
6540
4477
5331
1223
6637
7778
5205
8413
4735
6760
9985
1812
3229
4278
2463
5520
5730
4066
5928
3621
3785
1605
2623
6099
4634
2577
8114
5084
2733
3245
4742
1696
6787
3450
2543
1339
8976
8582
2841
8255
7040
2002
4947
8289
7021
8975
7249
7359
8784
9540
9337
6099
9170
6015
1226
4554
7610
7567
7098
5474
9293
7516
4421
3245
9521
8909
1017
1456
8753
2906
8614
6107
2914
3202
1047
7754
6210
2992
5066
4481
5834
2497
2129
7045
7423
1991
6727
7389
8198
1035
6579
3724
7437
4013
3107
9101
9837
4739
9478
3319
2734
4671
9415
9921
5321
2379
8476
7357
1555
9631
3464
7702
7978
6917
6665
6409
8497
9481
2548
7925
8074
5178
7912
1910
6623
9788
2212
2502
8531
5209
3025
5412
2943
5821
9721
3301
5226
1070
6078
2662
9789
9222
6436
9191
3840
8774
7746
5281
2285
5720
6968
8210
8023
7033
8431
2112
6311
5900
9955
4430
5344
8491
4462
8740
3728
7616
7200
1711
3811
2740
8768
8689
9602
2565
6959
5790
2356
8024
8400
3335
2654
2630
2085
8598
5790
1626
8576
1858
9604
6728
7892
8868
9315
3854
7121
1104
2073
5535
6118
2832
9043
2769
2813
9529
7379
7994
2573
1073
3849
2417
9876
2558
2592
4210
1833
9241
3225
2628
7344
6120
3446
7848
9589
4870
5438
6771
4913
6608
1803
9464
8267
7832
8800
8948
8316
7277
8776
5344
4951
3595
7479
6199
7444
6092
4161
9441
2072
1496
3221
1250
5423
4087
6495
3121
4414
2417
7561
3929
6661
9528
5910
6447
9803
6396
3029
5806
9334
8332
2375
1558
8907
5643
7448
8352
6694
5827
1752
8067
8291
8018
3630
8995
1176
9817
5887
9103
3194
9463
5324
3989
2374
4899
5595
7711
2245
2348
5324
9894
1640
1205
5750
3479
5392
2577
4623
9988
4871
7259
4227
7683
1300
2008
1392
3508
7970
1769
6521
1147
2247
5705
9756
8936
3806
9267
6272
4280
4394
6192
9101
1462
1347
5685
9591
3016
7148
7293
6936
5423
6157
8543
3734
9618
7236
8830
8164
7035
7491
2110
8091
4165
4836
7773
2255
2658
4823
5837
4869
3433
5914
3260
1995
9866
9567
2153
7987
8924
7849
1825
7555
6368
3797
7750
5852
6010
4313
8329
3622
8035
4614
2477
6639
7045
9018
7098
1620
2765
7989
9015
5637
4932
8371
7639
4666
6538
7116
1438
6087
9461
9465
6302
8201
3304
1886
6057
5869
5145
3694
5766
3126
8717
6058
6087
3681
3314
9510
8715
8738
2068
5725
9988
4491
6974
3903
7145
5028
2947
4866
3528
9574
9317
5602
3472
2443
8263
2279
1673
8359
1323
5958
4623
2158
6987
8034
8647
9413
9927
7118
9848
1845
4149
4247
1420
5452
5848
7218
4621
6968
3311
3490
2448
8142
3521
9913
4036
9717
2059
8307
5597
3185
4512
4319
2962
1292
7797
8924
9942
5644
1266
5856
8181
6254
7360
1210
3129
7507
3827
3740
6724
5927
4311
6166
6274
6198
9218
6414
4453
8547
1701
5731
3071
2804
2675
3611
3127
4315
4482
3619
2116
9761
8685
3448
8115
7412
3562
8619
2367
7967
8172
7082
9538
4193
6094
3126
8577
3569
1729
8916
7762
5562
1635
3693
4997
2931
7555
2989
5640
6905
8660
9128
8332
8494
6403
8447
8753
3976
6738
9723
9770
9293
5505
3203
3343
3233
1668
5837
3559
7188
3991
6824
4931
2038
8351
4929
3436
7022
3929
7135
5484
2387
7891
9941
8124
7266
6367
6642
1854
8341
1677
7330
1266
1484
8186
2744
1859
5054
8442
2806
9158
4521
7015
9635
2000
8381
4443
6463
9751
3434
2352
6852
1377
3957
6054
5833
5705
1744
8273
1308
8342
4840
2744
4454
2899
5827
5257
8919
3044
4789
4465
8281
7201
8388
9600
2155
6237
2921
6174
9085
1958
5341
5596
9560
2288
7123
8201
8029
1440
5396
3282
3333
5831
1379
5165
6889
9939
9577
8827
5010
7231
3442
8736
3693
4613
9311
1755
9199
2987
1195
5169
7003
5152
7155
1795
9558
5526
2899
2877
9843
1251
5453
5413
8268
7075
2668
3911
7558
6710
9338
9260
6511
2939
8972
3267
6759
9439
6151
9220
5364
9357
6662
9079
2365
3942
2106
7629
2811
2062
8278
1059
9137
4573
6961
4014
2713
6515
3041
7691
5646
2593
4258
4609
9656
3055
5752
7293
7179
2891
4155
7142
7613
1626
9740
5197
4610
4230
8311
9836
2074
5764
6035
9811
2829
3541
7856
3388
8742
1760
9811
8265
8168
4743
3586
2988
3298
5743
7067
2136
5234
9840
4545
8139
8173
1988
7542
4584
2213
3774
8681
1206
4203
4227
6346
9924
5105
4241
4621
4217
1437
2153
4875
9308
5087
8394
7745
3299
4357
8137
2008
8575
7582
6991
4734
7850
8001
3947
3625
9223
3036
1623
5083
1805
8068
1503
2911
3800
6183
2419
3052
4018
3353
8134
6831
9003
3638
5568
2729
6011
5648
1440
7902
2385
7710
8906
9936
4398
1880
7016
9401
9236
1944
2579
8003
8435
8397
9805
3444
4445
6149
1289
1768
1453
7167
5127
5331
5180
8808
7637
8838
9143
3005
4027
3332
9453
6472
2927
3681
6227
3507
9918
2983
4373
7130
6832
5110
5160
3965
6792
6989
4326
1034
3008
2928
8331
2308
6069
4369
4716
9637
1353
5825
3342
7446
4520
5155
6376
2902
5290
5318
4666
2474
4268
1349
8930
7369
9560
1975
5047
6497
1029
9554
7300
6208
4225
9323
2135
9819
9127
3162
6537
9528
6611
7067
1187
1743
2266
5001
3558
7725
6730
8932
9365
2986
1439
8066
4146
4945
4900
7521
8705
8503
6804
9351
5380
4188
8575
4061
4901
6686
3146
1544
8994
7966
6314
2361
3356
7014
4068
3811
2774
8180
1699
7700
5044
7312
6801
8739
7528
2633
9889
3732
1929
8526
4772
5458
8024
6404
7132
5889
4018
7881
5787
8667
4158
5361
5112
5318
8528
5078
2775
6943
7741
4033
9503
1327
4285
2380
7404
1373
6047
3923
7367
5530
8414
2644
9839
5886
6150
5336
8577
3407
6435
8284
7972
7299
8423
9954
3683
3254
6301
8403
9606
8226
1833
3109
1076
6235
7602
2296
3510
4720
7851
7908
5443
9353
5820
6359
1515
3874
8552
7900
8859
5397
2188
1696
8242
4620
5080
6943
2892
4265
3886
1785
6309
8775
9987
9514
1529
2151
8675
5671
6688
1441
8328
1738
7514
5602
7255
7537
4939
5262
5844
9615
5612
6245
4421
9844
5039
6275
4356
4716
4412
8166
5580
8745
2329
9077
3500
3676
6231
5366
5505
2762
6908
3030
2202
4798
8523
1713
8902
8216
5749
5484
6272
3926
7521
6275
5153
3655
3570
8760
9815
6151
2378
1476
4916
8462
3727
3331
5236
3184
8988
4347
6785
8642
9814
6634
5884
7615
9552
3429
8582
5011
3868
6214
7233
5320
2617
2727
9418
9020
1709
2763
8645
8053
4127
9570
3768
4581
5671
9061
6948
6851
1800
3757
3044
5397
5408
6877
5085
1024
9787
3871
1377
8256
9795
6970
9930
4333
2770
9667
8565
8146
5474
8224
1923
6845
1720
4722
4886
6075
5458
6347
8295
8789
9973
2405
3797
7398
6270
4976
1799
7588
2448
4912
5953
6152
1493
1406
5673
1095
8025
5230
7527
9024
2785
5801
2038
6734
5564
6181
4093
9653
2991
7186
5217
9784
6201
5512
7579
4232
4771
9788
6174
3794
3872
5849
6642
4954
3315
3683
7626
4878
6790
3810
9811
3702
6015
9341
4875
1730
1697
8575
8595
1948
7756
2151
5830
1962
3992
8887
3614
8475
5462
8232
1550
4093
6226
1012
4766
5150
5795
2307
7209
2474
4917
5198
1740
4503
4506
3919
7980
2483
5126
2181
4200
9153
1731
7623
7445
2466
5057
4244
9502
2504
2188
9179
2446
6856
7543
3105
1798
8537
6877
1633
4871
6485
7253
5282
7806
1669
5130
6128
2645
9395
5079
7966
5112
4939
1565
5478
3468
2112
2925
3709
6951
1595
5308
4361
8281
3003
1058
9658
6671
2962
5771
1364
6593
4658
1397
7905
5106
9763
9398
4920
6522
2435
1402
5738
3516
6835
9590
6676
8355
3243
2208
2789
8582
7343
5927
6091
4413
7901
5442
9485
7735
8146
3792
6075
5127
3689
9985
6443
2110
3096
9621
3424
4279
3316
6917
8376
2964
5070
1996
6068
5141
6984
5061
8352
4073
6021
3139
9411
9194
1865
3631
5140
4948
1133
9708
4104
2058
7541
3931
2090
1560
4074
1902
6931
3405
3493
4495
9178
1014
5878
2756
3653
5381
1452
8389
6673
3471
8189
5047
5116
3140
1643
1764
9244
3030
2367
5795
1414
7229
5287
7565
9952
9433
2260
1456
6097
3629
4158
4184
9123
1072
4860
3111
2666
8600
4473
7823
4244
8406
8930
6279
9136
6758
9325
6595
9302
3705
7637
1089
5122
8866
3504
7044
3136
6810
2772
9460
9924
9853
8301
6672
7481
4137
7834
2621
2864
6183
7997
6705
8473
7093
5984
9299
7601
8875
9897
2874
7477
2397
3557
9112
5460
8763
4153
4732
2789
8710
7123
7012
5860
8878
3806
3851
5027
2978
3437
1877
8053
6439
5805
1010
4371
5491
3919
1884
9862
3304
7426
1404
2588
5960
8995
7259
1683
8696
3353
6865
8832
8044
8591
2229
8973
5182
3121
9065
7800
6006
3658
6198
6335
9055
2530
2066
9096
2475
9725
4177
6193
6098
1444
4394
1820
4150
6303
8012
7301
5650
3875
5102
4013
9041
2190
6842
2336
5309
6204
8236
1676
6247
1231
8488
6766
5684
5599
5779
8650
5640
7735
9752
1383
1183
5526
6407
1954
6196
5389
7690
2935
3894
9806
6647
9059
4641
7658
5354
2987
4051
3570
6675
3562
3789
2884
5806
7204
1530
7388
6652
6979
1181
1057
9356
2467
5200
7823
2371
9069
2923
4074
8646
8132
6939
8343
7658
6297
4866
5739
9359
8486
2512
4375
4804
2319
2625
6180
5692
8061
5527
6228
2692
1379
8161
2172
9828
7860
3776
6287
6743
9704
8411
2113
5478
4584
7143
4087
1439
6823
1113
2268
4451
8931
1718
7388
7986
6607
4910
3146
3305
5643
3381
1467
4764
8151
4175
6449
9477
7991
5441
9155
4582
6739
8358
5781
6856
9063
7927
6750
8181
3440
3540
3802
4992
8875
4884
9093
6072
1724
1636
6056
3795
6035
9061
8979
8589
5195
4075
6706
2017
9862
6133
4017
2330
4459
1588
5967
5150
9826
4019
5935
7928
1704
7318
2947
8939
8308
9606
1497
9395
1595
9862
2127
6402
2078
6083
1574
3581
6454
8332
5490
2370
1333
7940
1302
1278
9040
4851
5678
7478
5813
6581
8527
6054
5662
4465
6356
8462
4175
9760
4215
1543
9907
3531
1478
8209
1452
1362
1899
4766
4881
9198
1944
9484
1709
2109
3211
9438
8475
3134
4383
2763
3045
5091
5754
3641
2599
3664
1974
5959
1991
2168
5914
4730
8872
5959
2867
7527
1554
7863
4631
9660
2819
8057
4069
3826
1938
1294
2209
4909
2245
2678
2208
9262
6040
2576
4390
7934
6268
3248
2993
9680
1944
6801
4425
6134
4171
7106
8691
1396
1969
6737
3518
5987
6468
2607
5775
3096
1992
7051
3192
4551
4004
7709
9971
4226
9791
1487
5242
7069
2717
4626
9627
1662
8632
1907
5922
5328
4330
7244
2880
1132
8798
9442
6073
2863
9729
3027
4560
1123
7213
1680
8999
9552
8532
5506
8231
7843
9299
6070
2795
3684
2814
9829
7688
5576
7888
4709
6936
9996
8959
1796
9094
2957
7810
7916
6173
5686
8949
8193
7135
8995
1957
8848
6712
3653
4402
4508
4177
8328
3718
6309
8565
2845
3598
1033
9037
7831
1534
7060
1128
6830
4495
9860
8531
3275
8436
7749
2537
1182
2679
9590
7171
4893
9749
7032
2205
5693
2390
9217
7942
6316
3076
8088
4090
7133
8514
7467
6958
3103
5387
6834
7641
2568
8199
1567
5525
1864
9949
2515
7702
7801
6416
7479
5832
9606
3555
7539
3198
1079
2292
7771
6547
1212
3024
5532
4042
9339
9324
2758
6143
1744
4291
8532
7143
7357
5146
6382
6624
2175
6195
6213
7929
4880
8709
8456
6863
9630
9134
9753
2000
7315
9464
7696
6935
5823
2104
8485
4966
1007
4508
6302
7978
4058
6456
4857
4176
6214
6278
9094
7242
4621
4056
4874
5147
6458
8625
4738
2316
7530
1339
2612
6484
6525
6379
1926
3946
8162
4596
1318
6136
7088
9722
5786
4035
7769
4120
4626
8056
3475
1848
6151
2157
4154
9904
3826
5354
3983
2088
7937
7268
9678
2178
5199
7033
1688
3092
7969
1940
6718
8644
8047
3238
9441
9531
2864
9523
1459
1087
4043
4112
3337
3653
1851
7753
9037
2021
1181
1304
3779
8057
9991
7897
6095
1899
4681
2430
5274
2425
4617
4367
3708
6331
9337
5786
9358
6309
1833
7842
5867
3574
2923
6852
4329
4939
1682
8436
4634
5619
3292
5922
8672
5928
4453
2914
9215
4292
6379
4642
9367
1002
6555
3480
1753
2724
9330
8571
6274
7203
9340
3366
8898
2569
2029
2237
5857
8320
3602
2363
5531
2845
3899
5655
7587
3015
6348
1185
4437
7232
8436
6713
4905
6989
7691
4402
9510
3485
6535
7318
8726
5239
2099
7169
8390
7158
8967
5091
4859
3454
9167
4733
9318
4744
6455
1109
4065
2155
4507
2004
8974
9534
2572
1359
1998
7645
9811
5392
7105
2823
8446
3789
2754
8514
8894
7314
7544
6081
4941
2566
6295
5075
2192
6903
7350
5641
7566
1185
5603
5792
2358
6600
6614
6280
1083
2581
3440
3276
3755
7834
9749
8339
5474
8879
1159
2195
2809
4481
9276
9238
1327
5529
8424
1161
1066
1714
9702
3151
7925
7976
8379
8514
9156
5977
5469
7317
7901
4088
3209
6933
7728
9045
3262
9287
8713
2396
5751
8504
1556
2062
3483
5653
5471
6444
3183
9927
5244
6393
2403
1232
3740
7941
9215
7224
4474
4059
9629
1923
1444
6402
1359
2731
5948
3171
5957
1178
6272
2792
1203
6479
3307
5069
7197
8819
8880
4265
9401
5196
7990
2898
6361
5499
8476
9394
3133
2740
6414
6233
8501
7993
6918
8497
5628
9411
2640
2213
7096
5093
7431
2783
2617
8635
7555
4818
5993
9812
7029
3924
1833
7646
1946
8251
4925
6147
4672
2199
8873
1804
8459
9253
8333
8618
1357
1285
9266
5091
3011
2569
4907
7158
6457
9410
2161
5689
9565
8391
7601
5550
8429
7957
4073
2904
2294
6885
5028
8288
2524
5034
5219
1813
3338
6196
5536
1294
5084
6208
5804
9186
8609
6461
8897
6922
2417
8672
3977
3078
2499
2917
4357
4966
6303
3561
2738
8989
4526
3179
5877
7776
6509
5864
7886
8438
8939
2856
9541
5238
4996
4415
4670
2054
5001
7564
4319
8217
5981
1155
5759
1130
5371
4011
9392
6812
8837
1595
5592
8870
5666
2007
1228
9839
5780
8873
1141
9256
1090
7024
1131
3203
8240
9147
5357
7942
1769
3098
8370
8941
4946
6808
3435
1964
8736
4243
4695
4682
8437
6971
5823
6617
8183
5408
6635
8694
4316
5209
5511
7768
2669
2075
3096
3127
9850
8600
4994
9798
2829
5773
3298
9583
9664
1930
9913
7294
4698
2294
4355
8060
7770
5587
8521
1962
3242
5498
5896
5596
4312
1801
8523
9506
4333
1208
4245
1796
6454
5468
8485
2703
3364
6054
7143
3197
9512
2509
2179
1906
1302
3123
2611
7557
2912
7774
3427
1684
8566
2878
3525
9772
9392
7259
9473
8313
3414
8033
2461
3538
5906
5555
1236
6585
3082
7124
5105
2147
1702
4309
4184
7326
8432
4356
9199
7932
4841
5822
3333
1146
1217
2962
6374
2392
3377
5247
9104
6480
8980
1924
7530
3367
9259
1252
3231
3331
7311
2880
2404
1391
9835
2077
1126
8030
6222
5267
2324
6349
1176
4430
7431
5609
5057
2985
7567
7375
9579
1315
1882
7127
4525
6860
5101
6549
7627
7628
1045
7290
3365
7630
9415
8271
5850
9776
2419
2222
5033
4013
7046
4163
1363
6560
8898
2087
7791
8329
3358
5104
2146
6391
7212
3461
2292
7539
8216
8122
3848
8452
7888
4248
9948
6260
7847
6876
1064
9062
6370
4347
1545
1861
4456
7946
5933
7294
4522
4476
3191
9293
3386
2977
7844
2259
2833
9877
8874
1840
3963
3317
7143
2657
8072
4596
8420
6934
6639
1917
6317
7264
6086
5867
7677
8138
6998
1586
9351
8339
2441
5307
2111
7244
2764
6274
1483
4382
3819
1016
7782
9510
4269
3324
3565
4074
9041
9848
3085
1826
8644
1873
7430
2149
8326
1765
2453
2534
5756
3637
4669
2508
4836
1101
8421
7934
2858
3867
6921
3244
3892
6009
4781
8502
3836
2080
7624
5994
3247
8341
8881
7022
1452
3500
4161
7276
5320
5960
5580
4191
1650
5801
4170
3455
8722
4596
5987
5416
8573
6284
9335
8107
4207
2247
9518
5962
6538
1720
2541
3539
1225
5568
8218
6175
1567
8494
3417
7650
8871
5600
9346
8372
6352
5994
9098
3529
7169
8534
4360
3344
9600
2721
5016
9216
9769
3010
2351
2135
5463
2343
1277
4515
5466
5762
3729
2099
3421
9734
9316
4920
9460
9541
6950
9104
1470
1113
1051
3522
6182
2852
8541
1393
8108
3762
3906
3015
1379
7444
4452
5320
9112
3102
5580
7868
9470
4764
5673
1542
7772
4632
2328
3028
6124
3594
8076
3067
8541
1755
9762
2210
7218
3342
4430
4078
2084
8768
9591
5379
2357
6317
6497
5481
5922
8411
3211
9416
1952
4268
9250
3219
4883
6848
4242
4735
4161
8028
7557
9446
5617
3324
5726
5951
6368
3398
9311
3406
1693
3299
4369
2369
3917
1619
2608
8994
8093
3425
8144
3904
2861
4788
8465
7050
3278
8857
4079
3889
8779
2872
6932
6233
9371
3803
3974
6245
7034
4521
7659
7631
9283
9526
7922
4257
6457
1908
5206
9600
1777
7123
1296
2804
9400
3444
4543
4940
2582
1611
9102
4365
3199
3955
7989
5601
8345
5923
8278
1638
3330
2390
6872
1337
1048
6248
3718
7024
4955
6796
7746
8933
5713
7030
6583
1091
2739
1338
5070
3749
3904
7831
8615
3043
5433
2416
8603
2769
1538
1486
2604
9618
1808
8810
2111
5851
9935
1284
3000
1929
9941
7082
8575
5404
5736
9247
1696
1130
2287
9249
3782
1777
8708
9673
2555
2547
6766
6823
1614
4112
2968
4517
4187
3785
5281
5404
9612
9545
5191
1423
7999
9256
1892
1578
9944
6576
4263
5735
3879
9434
2037
7872
1623
9629
7126
1755
3842
9923
9220
2692
7245
2098
3927
4565
4815
2538
6560
9135
6232
1432
9586
4959
3342
5313
3556
3894
9924
3687
7277
1780
4134
4603
2343
5990
1841
4192
5436
4225
4409
2463
2470
4131
6170
8609
5942
4614
4962
9551
6760
2986
9659
7764
6951
7438
2506
8245
1019
5982
4496
1992
5713
5330
5909
6010
7294
5714
9189
6037
4105
6543
1953
2550
4954
5045
4190
8756
9978
6853
2421
4184
5327
5553
2559
7237
6133
3272
9891
8928
2078
5422
6532
7414
7636
3601
9889
5812
2630
7491
4844
6367
3324
4151
1107
5549
3741
4671
9865
2628
2759
8829
5322
3157
1754
3549
6813
6836
9768
6474
7883
3443
5725
6917
7240
7388
5586
4366
5517
5516
4506
4302
1913
9170
1450
9266
1571
1009
3073
3101
9734
2005
2210
4632
3304
2067
3891
4968
7597
7565
6449
9871
9257
1422
9877
5969
7438
9297
6538
2231
4635
2986
7300
6282
9928
3677
8545
6425
3512
3732
5440
2940
5692
6091
1178
1979
2190
2180
8977
9631
8155
7421
2334
5765
1234
2383
6057
2096
7612
9664
4741
1121
5253
7262
7904
5977
3383
9282
5122
4073
3122
4283
4853
7628
8184
4324
2641
1890
1926
8363
1290
1140
7044
9739
8394
1437
1655
5486
4016
8117
8707
4340
8813
7402
7010
8656
1954
7182
6277
6885
1835
3966
1880
5030
1282
8175
7492
7952
6897
1999
6109
5601
4190
1881
1331
3097
9960
7875
4740
9536
4862
4835
2518
9732
1619
8951
8411
7153
2328
6630
4809
1789
6729
9835
8898
7288
4309
9952
7822
9370
5581
9091
2168
2544
2501
6866
9637
3660
9530
7662
5661
2634
4729
7016
2842
6658
5022
3784
8910
8214
2819
3606
5336
7857
7000
3434
8572
6283
6838
7716
1842
7135
8867
3312
3124
6735
6135
6921
1278
6903
6292
6218
9483
9095
2957
7400
2318
5897
8207
7929
6160
8000
5669
4895
2507
9094
4022
6742
9402
6024
1099
4492
2786
3170
3368
4342
2121
5669
4065
5967
6051
1139
3292
7221
3197
2292
8356
5464
1373
7241
1912
3343
4864
2744
2422
4343
4068
5560
7567
9847
3447
6882
5882
4528
5793
2297
9830
1104
8750
5685
8652
1411
4411
4984
9684
6676
2358
2513
3042
5805
6049
5816
5969
1257
3841
6606
2516
5712
1893
2541
5038
2539
6191
1583
1308
6841
5915
3924
8397
1706
7031
1260
4245
8836
3907
7735
7318
5198
5178
4015
5480
5172
9725
8817
4597
5559
2910
6759
2083
9889
6957
8174
8662
8590
3667
8964
3805
2589
9418
2303
6301
5318
9262
7650
3641
4370
7401
7557
8663
6134
7890
8469
3350
3776
8752
3029
8689
8548
2686
6501
3490
9037
5164
5997
8161
7620
6113
7719
2474
5705
8129
4940
9949
6824
2995
4215
4919
6771
1626
6450
8892
4139
1036
5108
4810
3849
5841
7991
9814
4316
2978
5570
2714
3458
6808
2912
8795
3298
6718
6484
3670
9947
8970
9577
1011
4931
1664
3201
3673
6512
6825
4635
7737
2021
9404
3330
7817
6500
9586
5395
9376
9217
7857
2186
9094
4741
9485
3243
3021
9152
2364
3562
6638
9497
9652
5731
2838
4641
1305
5706
2363
6850
4160
5123
1755
8592
7031
6870
6385
9369
1638
4918
2763
1281
9717
9825
9438
3686
1907
4382
4861
8268
3162
3640
7764
9411
4821
1186
2227
7501
1428
2926
1382
6385
6655
9370
7943
3899
6075
4906
4212
4970
4514
2056
8816
3039
4062
3148
5562
6911
1693
5177
1624
3036
8203
1757
7018
7083
6253
1120
1289
5198
8218
2745
6762
2045
9428
3368
3031
1321
6474
6468
7835
6593
5126
4886
8851
8187
6401
9106
1860
8335
3122
3921
7420
2272
7286
3287
2507
2500
1848
7323
8738
4886
5921
5243
9691
9779
7742
6632
1781
1008
1758
3232
9319
1407
9082
9662
5354
3300
3562
9228
9263
4478
2206
5321
5541
9994
9749
1172
3020
2362
5601
4725
5743
8685
3493
7030
5671
1392
5117
5137
7687
3741
7573
6968
5135
9407
5416
8389
8333
6695
8203
4806
4678
5032
6886
9945
6971
4271
8333
5693
3992
7736
3385
8405
6580
3150
1799
7066
4781
7320
7621
6231
1997
6680
4974
2943
7874
1625
4727
8083
8430
1955
6710
5356
2505
1664
1129
5207
4268
8839
7890
2930
5552
9657
4460
9488
4013
4904
6716
4969
7876
9922
1322
9006
7633
1942
8105
4713
4877
2973
5251
5687
4932
3192
9331
2735
8786
8998
9631
2413
4889
4754
4899
8232
3549
6978
2331
2388
2425
6490
3180
4400
7470
3294
3198
3767
7746
4682
5820
3318
6535
8442
3135
1625
3015
2430
4516
2894
6057
5088
1761
1247
3418
2730
4925
7787
5657
7988
2517
9130
6549
4000
8755
4776
7980
8402
1726
9735
6395
1790
4733
4659
2864
3715
8018
2895
6175
8331
8063
6857
3608
8621
3088
7916
2552
6857
3347
5823
5879
9583
7607
6045
5361
2468
2442
6783
6190
3909
9271
4655
3573
6246
6174
1336
5894
7598
8421
5369
5667
1833
5944
9437
7720
4105
6413
8471
2319
6210
7883
7952
1021
9940
7339
4280
5921
5938
9184
6336
6877
4684
9133
2517
1247
3349
2745
3517
5630
8272
6108
3010
1159
7909
7031
5881
9147
6804
2021
2450
7152
4394
6319
1544
6071
9473
2853
2454
8029
6978
6140
2729
2159
7563
5453
8566
8662
4476
4611
4038
2703
9596
4484
9418
9818
4608
5499
1221
8926
4411
3554
3179
9126
3802
3058
2814
6197
4016
9713
4620
9318
1961
4761
4018
2077
7018
2953
7720
3046
8804
6954
2185
7940
4002
8810
2493
3702
2775
9245
8723
9225
5260
7237
3187
2345
6649
8063
2941
5653
5203
3047
1802
2700
8534
6861
5285
6738
8445
8182
8925
5854
2143
7571
5927
1302
4381
5803
2320
5068
4882
5507
7005
3033
5287
4997
3404
3058
2513
8400
1184
7790
2078
9402
6901
4157
1131
1405
8366
8220
3660
7031
5188
7095
3779
7013
1670
7541
4923
7911
2623
3568
4776
3914
2616
6199
8543
7797
7082
9563
4554
3494
4692
8071
1161
3703
6362
4055
4378
3467
9638
2025
6407
4241
6488
1155
6284
8914
1167
8998
1800
4552
5801
2210
6105
3107
9815
2971
4297
8851
3464
1292
3793
5046
3849
5109
2438
2794
1590
1774
6531
8492
3311
1855
1562
6235
2852
7670
7742
4335
6903
8310
4617
2962
5773
2695
1568
6623
6256
6489
4410
9461
7331
2972
9876
1337
7382
8150
4193
1475
1059
9817
2223
6524
2049
3026
1490
7905
4778
1761
4766
6735
9717
8150
2187
3294
5810
2987
5988
7603
8913
2442
7035
4459
7970
2813
9876
1348
5472
7655
2445
8011
6674
4751
6855
8789
4397
2531
1460
6789
9834
6166
1756
5218
2036
3228
6513
6332
2893
4658
5070
4785
8087
4072
9673
5199
1836
3556
6735
6550
5337
8498
6108
4498
2528
5697
3907
8820
7986
8882
6384
4951
1232
6297
7465
1768
9481
4040
5594
8491
7347
5780
5085
6247
6246
7724
5474
1255
8258
1093
6604
3323
4730
2386
5129
2795
6758
5504
3030
2655
3157
2182
7362
7391
6261
7782
6589
3057
8276
9997
1878
4845
2503
4437
2129
4590
3482
6312
2579
7955
2864
2673
2786
5298
8650
7595
2184
6188
5314
9867
5530
4278
3346
8400
2459
6663
7312
3723
8721
5965
1690
2972
2707
4891
7489
5285
4873
6531
7927
1989
6055
3501
9359
3279
6829
3833
5704
9665
9186
1380
3738
8518
2963
6961
9442
1648
1064
2570
4154
5783
7593
3004
2116
7956
8158
4275
6879
3371
5157
6782
6353
9578
5954
9392
9305
1640
2713
3555
4523
4823
9941
7553
3983
6432
9782
8378
3305
2030
6933
8681
6310
6232
5090
4419
9987
9571
4308
9554
4653
9630
1352
1806
4793
6749
3545
2967
1416
2847
1456
3697
5308
1357
7728
5189
8717
3829
9974
4969
9954
5269
6231
2388
2926
2125
2874
7682
8672
5031
7922
3485
6502
8457
3653
8278
3322
2192
5395
4362
7384
5466
2618
3823
3375
1743
6945
5414
4299
3055
8762
4926
3101
8873
5249
4318
7350
3435
6811
1712
2810
7467
5131
7292
7083
9750
5500
8915
6285
2622
3611
6804
2695
2137
5251
4941
9750
3916
9159
7489
1029
5089
4509
7597
6045
6614
3105
8925
6387
9148
9859
3555
5334
5303
8967
6085
5746
4377
1468
1669
1827
2211
4867
2007
5789
5537
9743
3527
3205
8373
5764
2625
4683
8056
7867
9516
2790
1482
3887
5414
9782
4699
4792
1944
4131
3835
1832
2999
3973
8480
2752
6434
1283
1730
2542
7457
6324
5788
8825
8648
6658
2499
6977
1342
5131
1013
6250
5634
9154
5812
4950
6831
7649
6387
8168
5438
8653
3785
8854
7962
5967
3461
6004
6645
4505
6848
4907
5112
6778
5280
8868
2033
5856
7697
8468
2430
2654
1917
4437
1128
2750
3555
5007
3652
2851
9991
4858
8348
7919
3848
2689
9258
8041
4860
9182
6745
3227
3544
2837
3501
7429
6866
7614
2616
6058
9726
6584
7754
3051
3662
6815
7052
7708
4593
6451
6723
6409
9801
3131
1380
3358
3217
7654
8994
5284
3973
8677
6546
5334
4356
1774
6441
5477
3852
8898
3273
9705
4802
1684
3444
2895
3178
1559
2887
8541
8375
5485
7323
7055
9216
4436
8531
3107
1229
8849
8866
9736
8349
4192
5989
6258
2224
4263
3491
7589
8242
9540
6601
6791
8553
9466
8855
5437
6471
4697
6310
2689
1225
9248
7795
4642
2415
5496
2316
9388
9754
1410
8180
6064
7182
6944
4756
5074
3968
3016
1709
4008
5097
5249
4670
2790
5570
7424
3161
2249
3707
2602
8064
4158
7905
2019
5922
3774
9212
7134
5536
4141
2046
9480
7197
7248
1128
6473
2705
3159
2239
1192
6284
5310
2821
9239
2470
8439
6375
8602
1643
4408
6612
9109
7878
2898
9629
3171
3443
1885
3615
3828
2469
5092
6843
3609
3478
8440
3819
7587
1881
7586
8451
8933
6186
5640
2688
4487
6411
3820
9657
8471
3808
1757
6065
8234
5273
3559
8469
3128
5519
5741
8017
6856
2782
4675
6626
9096
8162
6044
7823
6713
3031
7607
5904
5935
1140
8613
6726
3808
8410
3189
7562
5158
9255
4478
4336
9384
3620
8811
4413
2569
1235
6395
6406
7622
3311
2473
1519
8560
4062
6019
3751
4453
4920
5251
4939
1398
7910
2056
8447
1626
4245
3726
2019
7750
2234
5517
2183
2041
5719
3734
9690
6722
1355
1004
2289
5139
9276
6853
1819
3496
6269
2884
7550
4289
5421
3449
1501
6770
2114
8105
7151
9090
7443
6946
3643
6106
4623
6155
9435
6348
7189
9483
5013
8409
2156
5437
5394
8002
9262
8938
2421
5928
9785
4325
8021
1824
9458
4300
3543
4658
7339
6968
3009
1037
4498
9384
2851
1832
8972
7567
7939
3404
9168
3173
4664
2306
5303
1760
9867
9920
2688
4141
7099
5495
4930
7642
8057
3299
3624
7986
3700
9541
7790
2544
7120
8097
9724
2666
6692
7550
1315
6410
9388
4846
8083
9364
5448
9715
5853
1410
7132
9065
6431
3576
6786
6248
4655
4943
5267
8694
8594
1310
5717
8635
2842
8007
6224
8373
3339
8108
1280
8927
4255
4197
8714
3315
3031
4362
1582
7133
2025
3624
3364
6494
1391
5047
5416
3066
7719
7937
7292
7730
6781
8661
3467
4993
3857
1933
5569
3804
9496
2450
6066
8421
9181
7970
9271
7389
6443
7607
4642
8928
5833
4139
9069
7688
4730
6213
6796
8924
4391
7084
5003
6034
5440
1276
3477
6534
7537
7661
2328
5329
8129
9677
2322
2137
5690
2746
7883
6499
7934
5344
1625
3883
6609
8431
8439
8809
6214
5290
8186
4097
8012
1618
8364
9423
5468
9897
3855
5943
4054
9092
1649
4959
7920
4494
7414
5640
3833
3989
4304
1059
5032
4471
9118
5422
6696
9906
4062
3058
4643
9731
7264
3613
4780
3492
5433
6131
1799
4449
4785
2325
7349
3288
1915
9662
1511
4362
6271
6512
7909
1417
8285
8076
1652
9922
2573
3847
4553
6911
8488
2569
5762
8120
3276
1151
1119
4662
4576
4046
3386
9354
7529
8188
3889
8866
9011
7583
7009
2254
3196
8427
8269
8426
1382
5677
2127
2801
6083
4947
4664
5389
3490
4366
9837
7320
1561
6451
2096
3463
8984
7187
2231
6304
3500
1350
1612
7372
4805
7200
7846
6841
8320
8113
9358
5952
1662
3312
6556
1495
2214
3111
1444
6517
3959
1296
8533
1120
6887
9157
3316
5932
6842
2195
9204
1400
6954
9958
9829
6153
8866
1348
2971
5453
3655
2528
4063
6733
2338
7092
9333
6774
2401
8144
6695
5817
6858
3014
1365
4784
1035
4796
5373
8312
2637
7560
2811
2679
7232
4593
4574
1009
9517
2554
2039
3450
8733
6268
4743
9591
4097
8709
7762
9404
9820
2855
1144
7177
5209
8351
4993
4191
1929
5375
1799
6030
1308
6962
9510
7839
1292
9750
6728
5579
7059
6063
4986
2225
7279
3212
4603
9661
6096
9859
3969
8627
9532
7355
2935
9056
2748
2461
4111
7992
4563
2987
4694
1103
6306
4047
3935
6512
1606
3477
1527
7940
9320
1894
4618
9602
6278
3061
8412
4528
4400
8281
9534
6255
1286
7907
4689
9140
5495
5326
4414
1806
1648
1294
1410
3411
9079
1401
1533
4374
2081
1185
5538
2988
1581
6321
8202
6648
1129
5199
2538
7378
8915
9102
1319
4001
4774
3113
7571
9804
5893
7197
8294
8505
1561
5840
3129
4826
8722
5292
1015
8827
3347
3208
7518
2853
6480
4230
6476
8101
3914
9389
6481
5950
7115
8306
4951
6215
4525
8770
6275
5437
7915
9360
9487
8381
6820
5786
7410
5884
6190
8295
3067
9107
9780
1814
6093
9805
9670
7508
4924
8521
4339
9388
1474
9506
8953
8103
6891
2896
9202
2601
2314
2321
2993
1028
5425
1866
8221
5270
6177
5364
6521
7999
9927
1328
7211
2712
1197
3521
9036
4068
2039
1123
4141
5655
4701
1644
6006
3442
9330
1884
8185
6329
4338
4056
7914
1796
9348
2425
8074
4060
9605
5213
4310
9656
3896
1197
9020
4494
1976
9255
9007
8728
2662
6121
2797
9776
9151
2803
1398
5591
4903
5214
4030
2978
2172
3039
5026
3978
5122
6764
2919
1191
7175
9015
9379
3781
1490
7098
5782
7941
8538
5534
2595
7186
4142
3457
9325
6361
4676
1732
5610
8993
6959
1924
9149
9329
7804
7699
3558
1930
5156
9258
7433
4245
8108
2536
2006
9533
9502
6512
4892
6121
3386
4375
4487
5903
5979
4286
5976
5423
5923
1548
4465
7948
7941
7070
6063
1461
1158
4503
1458
9728
5754
9843
9118
1384
4351
2969
2501
6660
3627
8392
7068
7237
1913
2366
6042
7690
2851
5780
1414
2652
6027
8515
6821
6556
2044
4677
6364
3670
6179
7746
2740
1404
7387
1270
2530
6387
4953
7686
3943
5876
1304
8778
3525
4418
6906
6348
1519
5799
8203
6318
3105
2079
3408
2752
2386
4976
1381
9134
5686
1077
4688
7014
5440
3759
8321
5465
9370
7029
5684
6130
4514
5806
3418
1869
7042
9617
5308
9704
5677
1634
7655
8534
2551
5473
8630
2863
3354
9155
1312
3611
3684
2037
6092
4531
8460
4427
1525
3635
8017
9069
3459
6351
6598
8228
2793
2934
6579
3599
4560
9266
1027
7963
1559
6875
6667
8238
6756
3716
8331
1818
8872
7283
7578
9723
3644
2389
9929
2394
3016
7308
3480
3448
2288
4635
6016
8794
3823
7840
8108
8794
8570
1082
9969
3149
1763
7434
9990
9093
2284
7033
7629
7138
7122
2693
7478
3297
9795
5653
3073
3490
1199
2909
4039
2191
2609
3881
1887
1572
5118
7667
1477
1039
2046
3022
9247
5233
3191
9650
5566
5119
8379
4741
6683
6886
2231
8844
6147
8947
8460
4372
9954
5513
5579
1208
3458
5605
1395
3148
5367
9670
8004
7347
3576
2088
9892
1216
1924
1446
6203
4025
4110
1321
4550
1305
2216
5701
4188
6360
9136
2387
3815
9907
5087
3487
7349
9547
5077
7260
5821
6754
9986
6632
2529
3523
4492
9713
7162
1277
4938
4453
6718
3150
4919
8645
4173
1482
1190
9308
1991
7736
2517
9281
2511
8584
3929
6028
6474
9212
3870
3479
3280
1024
1598
6059
2224
1544
6600
3504
9530
9321
4657
2145
8281
5346
7188
1314
3848
7984
6220
9861
4536
3159
4733
8679
8367
1908
7431
3817
6901
2997
4669
7015
8215
8513
6729
4809
5715
5518
1877
1653
4258
2317
1594
9754
3854
8776
9407
1018
1008
5259
2247
9522
6563
3548
3733
9112
9874
6866
7670
3368
8594
2342
3034
3704
9789
7871
3186
5409
9817
2846
1474
5341
6654
5616
6848
9962
2570
5694
7593
5212
5836
5236
1712
1194
4666
1595
5219
5499
4008
8061
5963
9485
2154
5693
5673
6179
7958
2016
9545
8069
7820
2415
6298
8870
6739
1987
4301
6573
9864
1559
1696
3523
9281
4534
5984
9064
9897
8391
7673
2190
8958
4233
7976
1369
5946
9225
7979
1132
2288
6963
2895
5419
3891
4193
6721
6281
1005
9289
2177
4030
7566
6576
8896
9915
5370
7287
4799
4600
9355
9848
4804
5681
7081
1534
8754
1875
5486
8462
7397
1824
2107
9992
4639
8845
8493
3912
5692
3822
7296
4832
4966
3671
1346
7499
8183
8691
8378
9765
6422
6747
2212
3265
2439
3714
4092
8263
4191
4940
6241
3120
6291
5603
3513
7957
2104
8330
8250
3847
5949
1791
7671
1844
8605
3120
2847
5116
7841
4496
1575
9701
6408
2426
4240
6009
6780
1115
6780
5345
1077
9070
3141
6645
6898
4791
7828
5884
7541
9857
9371
4319
5841
5611
1833
6217
3437
5174
9559
4806
1766
3682
5691
1376
3433
4984
9468
3182
5720
8934
6198
6236
5766
7337
2363
5965
7971
1865
7101
5621
8073
3955
8625
4013
3333
9722
1909
8623
2325
6999
2053
7186
2330
4798
2237
5627
1078
3637
4886
1518
2570
7848
8709
1537
7647
8427
5159
4793
2741
2271
4768
5242
2725
2288
5384
2241
1305
5704
4811
6743
2105
5485
7316
2170
6857
3179
9188
4145
3633
1917
6034
3348
5987
8287
3478
6339
7662
4130
1314
5810
3258
5481
9502
7317
5065
4092
2211
8933
4133
5965
9866
2783
9110
6480
7688
7910
3265
7437
4879
8033
7591
8539
3798
5915
9977
1142
3054
2766
2400
7547
7133
8368
5335
9321
1869
5304
6801
5629
9063
9587
4865
6214
9692
5751
2899
5380
3958
9246
6940
8287
9288
1629
1214
7929
6095
3814
9241
3580
5236
1571
1893
8722
6894
2546
4906
2542
7764
5201
3446
4686
5667
2803
3074
6648
9203
8178
5332
3674
8305
8533
4303
6577
4481
5797
5884
5890
9274
8884
9148
2971
7304
6421
7494
4675
3213
9744
4372
9386
5359
3362
9427
8898
1565
3224
5842
8845
3334
6051
3511
4208
1456
8438
6387
6043
9626
1918
6916
4293
3719
7976
4500
4393
5253
6656
2107
2433
2554
3627
4710
7765
6922
5708
2636
1942
8607
7024
5733
1186
6788
9810
1343
4309
7433
6065
8581
3305
8021
7900
9165
9919
3942
8859
8692
1941
3678
3932
3232
6142
9735
9167
6067
7200
6153
5872
5176
2586
4198
6128
1730
6075
6203
2007
6782
6477
3140
3089
4797
8617
8540
8661
6879
9820
6635
9873
9520
2460
8697
4869
1144
1889
8555
3144
4080
5415
1079
9010
7774
8134
1668
2138
2767
7698
4578
1662
1695
1506
7405
2715
3572
4052
6975
2819
8941
4050
6658
2508
7774
7908
1432
1963
4423
2569
9949
1609
6610
3941
9416
2698
9302
3116
3981
2350
7984
3211
4969
8149
9902
9469
7747
9355
3859
9062
8063
9366
7169
9964
4528
9306
1519
1113
3714
3138
4473
7088
6848
2015
6340
1457
2203
1795
6833
9234
1662
7686
3030
2996
4646
3948
2168
7177
6109
4601
8574
2123
9636
7684
3143
4485
1695
3043
1804
3217
4449
1168
5359
4618
5277
3147
5511
4003
6086
4268
7073
7117
4366
6521
3045
3215
6399
8535
3001
5108
2086
6376
2741
2425
7342
7704
7131
3389
2669
3819
6452
4842
7402
4732
7096
6955
6559
7574
5373
2183
8253
8517
6842
1868
2142
5373
9251
4562
1196
7946
1250
1632
9083
7531
4073
2380
4129
2258
4692
9083
6976
2370
9094
2850
3878
7450
8359
2793
9331
1271
7286
4746
1844
4516
5069
5894
2686
4949
4146
5410
7566
8909
1495
8453
2384
9047
9742
6485
9160
8408
5201
1451
4744
7593
1540
9487
6014
7652
7979
9239
9774
9176
2415
8876
6078
3263
6293
1925
2340
8695
4865
1860
7086
4964
4167
5931
3636
2034
5731
2566
6730
2779
6357
9345
7842
2722
9004
8383
8926
6328
9611
5143
8423
6907
3332
9974
5427
7557
1998
6315
6131
3506
3501
3788
9846
8411
2468
3125
4002
7207
9515
7128
4807
3794
4561
8424
5382
2853
1058
7955
8275
5709
5535
9738
5099
7423
2706
7909
3583
1227
3526
5698
4828
2124
3654
5131
8889
8488
8081
3040
6775
4353
4298
2237
7888
2235
6032
5016
6832
7481
4618
3830
1354
1608
1016
3839
4553
5717
1082
4916
7284
8723
4385
1904
6344
4027
5297
5304
5277
7951
5558
8391
2359
1218
4335
6280
2670
6923
1415
4653
5869
2263
2427
2592
4609
6120
4696
8311
9084
3002
9263
8133
4287
4457
5478
1774
3414
6642
4499
7949
2583
8931
6688
5492
7363
8593
9973
8129
6531
9709
9431
7924
1303
1003
3452
3718
4655
2724
5027
2445
9950
1861
4142
6307
7397
9917
2504
7576
9042
1495
8509
3854
3611
8240
7926
4352
6088
6179
8943
5489
3349
1878
4158
4898
4667
1619
7276
6858
8408
4194
4470
6594
9269
2474
5740
4758
4894
2600
8898
8907
7089
1466
1430
3255
8246
5688
7434
3386
6537
6732
6785
3953
3385
5712
6182
3230
2492
3339
6913
2545
9722
9133
2020
3036
2068
3419
9470
7078
2231
6092
4582
3486
9492
8810
7528
9721
5041
4895
7049
2491
4865
5912
7186
4229
4142
6133
3730
2608
8360
7758
7583
5246
1212
1093
3817
5999
2220
1853
7320
4000
8709
2414
9664
3505
2177
6562
3672
7107
5564
5218
4344
8164
8991
8712
3279
5823
5948
5494
8100
5592
4711
4395
3887
1569
8168
5290
5040
6562
8995
2957
7940
8573
9444
4285
9522
9814
4422
7258
1563
1189
7861
8019
2123
3039
6259
1778
5035
8606
7197
3915
2266
8644
6666
8083
4596
7567
8649
1308
8174
2368
8755
3846
6248
6339
9721
3691
5578
9307
4231
7562
4435
5720
5403
8979
7789
9038
2908
5166
2226
5790
7479
8403
7342
4362
1420
3308
3431
8970
1890
2385
8931
7971
4667
3871
4686
5867
9804
9343
7614
3327
8292
1421
4409
5539
1427
3548
9719
1982
3292
4500
7352
7933
8652
9126
2879
2152
5198
8662
8111
9555
6784
2159
9762
7980
3822
8344
3701
5318
4065
5429
6919
6866
2326
8819
6409
5097
2214
1315
1543
4664
7321
8955
2879
7558
8320
5301
4044
9629
5240
6347
9821
1782
7317
4192
5789
8865
6059
4215
1158
1926
5816
7054
9910
2651
9818
3531
4532
9551
8348
4891
6040
9280
1922
9578
6338
2487
9784
7158
7386
9704
7675
6972
2836
4116
6780
5292
1220
3401
8773
8979
2484
6859
9055
4724
6020
7428
7864
3125
2733
9578
6027
5249
5133
9056
5967
9418
3752
4491
9390
5343
3171
7751
9914
3371
1729
7493
9028
3417
3754
5152
8412
1120
8621
3815
2867
6682
7965
8048
7239
1980
3373
2909
8543
6352
4071
8441
7126
5366
2530
2489
3418
6395
9179
8682
5097
4017
8448
3418
5852
7797
6829
7194
9265
1494
8108
7771
7803
4662
6284
2086
6955
3307
7978
8014
6539
1888
6400
4462
4820
8246
2308
9883
9849
4656
8350
1408
5000
7866
5910
6088
8798
4157
5977
2271
8831
2109
1059
9429
5838
1098
5092
9107
5799
7841
5429
8241
8615
2724
9240
4372
4574
8145
3079
4114
7661
5133
2735
1817
9246
3049
9383
6744
9893
4844
6671
8021
5023
7326
5745
3020
2505
8836
3939
1162
9900
3457
6071
4113
1600
5626
9052
9352
5080
5717
8926
2658
7027
5726
2788
6275
7770
3247
8634
1322
6768
5382
5430
4297
6827
7444
1311
1240
1350
7424
5899
3964
9040
8488
2223
5625
1429
8477
4731
8611
8243
4121
5032
5263
4711
1529
2034
4520
9989
6589
5272
7663
1004
3855
3630
5607
5360
3718
9276
2913
1309
4441
8159
1189
3791
8291
2144
9022
9507
7727
9161
6949
9674
8733
7760
5290
4841
7061
4803
7085
5157
5463
1072
9374
4461
7276
5514
8301
4585
9821
9752
8621
5098
5382
6744
1144
3805
4283
8501
7400
5550
9406
9433
2554
5776
3104
4250
7814
5048
6163
7942
3893
6546
4416
4847
4871
2618
1440
8718
7829
8209
4355
5611
4444
4031
4152
1150
2286
4172
3270
3196
9430
8522
1922
8287
4329
3147
2150
9713
6125
4264
6976
6778
3452
1062
9525
8205
2896
5219
5224
9814
5584
6192
6276
5882
2843
9494
9193
2240
2298
7979
6958
8114
4268
7789
5305
9121
5422
3831
4393
6711
6568
7061
9330
2238
8839
3535
2532
2094
1545
5167
6695
6323
2117
8987
7531
1835
9856
2422
3830
2974
9958
8657
7952
5365
7617
6098
3013
9484
2086
4901
8407
4367
3637
8415
2697
4898
7998
6658
7526
7847
5327
8268
8152
7508
9250
8209
5109
7521
6149
9882
3402
4971
4988
4143
9531
3740
3756
6470
6838
6298
4384
9051
6857
2765
8858
5530
5210
1508
3105
5202
3127
8572
4674
1763
7356
2465
7977
1364
1841
2791
1478
9231
9512
8916
2840
2416
2538
8076
6318
9028
8427
2274
4524
1042
3247
9025
1089
6676
3281
7522
6100
5512
4744
2383
2259
8993
1677
2346
3069
9494
3536
5936
3358
9138
3450
3012
3641
4621
6930
1866
2051
8016
4808
4436
8932
3900
8795
9321
9368
4632
7871
7300
4106
7976
1800
8068
2208
8565
7906
2044
9437
9212
2785
4132
9333
9919
4919
6082
3109
7328
1752
5599
9319
7622
8153
2289
1274
6296
7226
6173
7217
2297
8691
3037
9040
8034
6398
2925
2107
7819
4713
3288
7252
5962
9186
1229
7238
5567
1910
4492
6815
3805
6860
3296
5928
8886
5581
7864
1161
8339
4518
9592
5706
2155
7362
9475
8898
9377
7953
4468
4103
1614
2981
1618
1860
2806
6825
8585
6919
3394
3152
8958
3300
8485
1935
9498
2518
9180
1592
4464
2264
1607
8002
1178
4074
4745
6043
5761
3472
6948
8272
9181
9401
5248
6521
7288
7803
2065
4911
5569
5790
1076
5496
1589
7601
3679
6659
3553
2619
4417
9782
6648
4677
6666
3062
7780
1133
7669
8777
4211
1674
5934
7783
8113
5973
4832
7830
6655
9538
2021
9708
7517
7413
8199
2248
1490
8789
6037
7232
8931
3471
1987
2079
5779
5755
4570
1918
2904
4512
4877
5991
6660
7263
5454
2312
5845
6544
2719
1868
1944
7857
6480
1885
7700
9777
3337
6571
8749
5947
8477
6245
7570
2057
6722
4532
2755
4314
3921
1257
6180
8817
7637
1469
4518
5236
5041
9543
9233
1579
9878
8227
1118
7761
7715
2686
1853
6048
8675
4015
6092
5151
4624
9027
9889
4647
5697
2121
2283
2429
4206
2219
8538
5457
6843
9888
4452
1929
4021
7189
8137
5200
1320
5077
6410
2580
5486
3889
4337
6539
8051
4675
4427
7075
9748
5647
5574
6918
9925
7173
5231
1276
9365
4023
6587
9892
1581
8754
4993
4580
4921
4856
6148
6013
1771
1092
5293
9447
9798
5009
1939
6789
6756
7696
4137
2003
5953
5502
5833
9692
6781
7385
4225
6805
4516
8153
5202
9030
7217
9394
1211
1971
9267
6005
6570
9607
9987
7973
5006
3762
1814
7820
4411
2657
8963
5160
6705
3618
6216
7279
8357
9333
2684
6422
4621
4073
1516
5602
7864
8819
1286
9934
1007
7726
8322
4837
4283
3528
2164
9444
2552
2498
7766
2616
1245
9033
8543
1576
8477
4530
7651
8352
5796
7099
2004
9632
3862
8202
9944
7525
7224
5657
6913
4794
9972
6547
7408
4967
8186
6666
3513
8703
8834
4357
8955
7168
9421
8259
5844
8146
5737
9639
5118
7474
2918
8007
2124
1317
4180
1391
1367
3919
3934
8850
4118
6341
4524
4558
6648
3254
8717
9554
9077
2680
6277
7845
6849
4928
9455
6890
5620
1746
9911
7002
9211
8792
1871
6016
8244
3829
8298
9970
4640
4792
8354
4198
5515
5875
2483
3845
8162
3625
2279
7202
2631
2326
3277
1565
6568
4888
5284
5505
5764
3562
5522
2350
2415
2414
1584
7168
8535
1886
7615
4016
9594
1180
8860
3236
5242
9893
5469
5204
9924
2980
2640
2560
1750
2464
8639
2942
2971
6718
7554
7177
8750
4752
4432
3383
1608
3533
7825
6015
5432
9957
3308
8662
4663
7590
9928
1872
9189
1050
9758
8376
3490
5739
7361
2941
4061
5196
3467
9196
5156
2911
6086
1783
1558
9677
1891
7553
6172
3541
6139
5952
1442
6377
2295
7892
7588
1597
7271
6023
8056
1555
5443
1758
6899
7087
2385
4200
2108
4544
4515
5149
1911
4833
5734
6626
1951
9179
3185
7570
1760
9370
1263
7737
6190
1245
8799
9350
1950
5413
8791
1039
8834
1867
4991
6829
3788
4620
1469
9193
4180
8338
1679
3646
1372
5062
5980
4671
6503
9586
7626
3714
3654
1506
1628
8330
5762
9048
1879
5867
4667
9097
4346
8378
1694
6032
1120
8279
5930
9495
8017
8191
3965
7987
9754
7191
3082
8376
8544
9700
7568
7093
1572
4444
2998
3047
3206
4523
9556
7830
7895
8594
7526
2776
6367
4691
8161
6618
8787
8195
9686
3542
8291
5202
7577
8468
6061
9474
1480
3094
3456
4913
6094
5727
3506
1557
7650
5288
4846
4597
6245
3795
6533
3951
3523
7790
2811
1815
8906
6086
3756
9088
3487
5783
3767
5453
7964
2712
3128
3401
8263
1589
5207
5774
1491
6519
5294
3217
6197
3022
3008
7469
7064
5358
4886
1174
4929
4187
3372
1911
2048
8050
4532
6498
4203
8911
8617
2683
3971
5735
6022
2787
4681
9892
7486
3389
1033
8883
5630
4331
1818
2565
1791
1105
8791
4041
1360
1454
4809
2279
5249
1394
9391
4549
7719
5665
4216
1903
1667
4878
9178
5476
3518
6460
8132
9145
5989
7787
2419
9663
2164
6385
2021
6074
1716
3883
1265
2093
7556
8803
8878
7912
7461
8813
8246
1298
7102
2903
5609
5511
2559
3817
2123
7907
8321
2877
8834
8887
1442
9783
1937
6438
7266
8295
7066
1440
8592
2831
4110
8446
7041
4821
1659
2241
5266
7753
7359
6670
7239
8070
3392
9068
7584
7802
5780
2934
2829
2329
7370
5751
6147
8949
5458
6980
9676
5127
4560
9533
3313
9893
5830
1679
2148
3508
8637
7143
6214
2125
7947
2744
7286
3176
2983
4161
3983
5106
5673
4504
7423
1545
7807
6654
1112
9328
2145
8728
2507
1838
9205
7174
5290
5328
2524
3389
5360
6757
8505
6504
1461
1737
8869
2525
7259
7761
1245
7325
9418
2583
2956
7669
2782
8039
9206
1552
3700
8703
5520
9542
3504
2803
4990
3471
6773
4226
8536
7941
8446
9818
4953
5753
6117
3852
4039
1285
7678
5914
2852
1785
8637
6673
3158
4387
6375
9442
4723
7275
5300
1704
5078
4474
5422
3132
8478
9863
6567
7004
2487
2348
8847
3448
7649
7716
5703
5022
8967
3624
6310
7036
4239
4155
9069
6138
7162
3004
6339
4661
1807
1137
1496
8247
5758
3924
5994
9243
2801
4597
9565
1506
5817
7666
2114
6156
7550
7594
1247
2158
7702
1639
4888
3306
7940
6672
5287
4177
3339
5358
3239
1142
6270
2955
1838
3878
9101
1048
5034
4864
1910
7754
7848
8323
7193
2265
8390
6203
7753
3931
7668
9133
7149
3395
4223
4898
4498
9819
6038
5078
4883
4412
2223
5731
1707
5856
7465
5812
5746
2347
1470
5907
6999
6739
6605
6029
9595
3593
7631
7436
9089
9179
4245
9060
9498
1164
1938
8456
3345
7782
1957
3325
2905
2238
8698
7194
1217
8850
9458
8251
4928
2795
9022
5142
1177
3068
7171
3645
9442
9902
4316
3317
8339
9580
8529
2110
1019
8516
6554
1899
7710
7621
9674
3429
2412
6573
6233
4401
5816
8796
4628
2981
2386
3219
9209
2215
1332
7576
6340
4542
1040
6467
2954
1752
2863
3248
1576
9463
4433
4922
9180
8407
7678
6893
5053
6334
1606
9512
9315
4354
1062
5045
2764
6182
5997
5964
1033
5836
2776
9095
3570
1890
8426
4492
4132
1027
9872
3207
2560
2516
3103
1681
6391
7587
5625
8427
1828
7773
4843
9888
6222
1917
2638
5088
1124
8393
9089
3974
8018
5022
1295
4777
1983
3385
3295
3488
2964
7768
3733
3852
2292
7277
9269
7172
4124
6688
1100
4484
2669
6374
9386
7885
5402
1912
6079
6045
4496
7855
3250
3858
9961
9327
7962
6496
9409
7818
8126
9935
6984
4679
4429
5815
8962
8950
7845
4854
8431
2438
5883
1856
9906
3077
1474
1098
1202
7764
4562
8415
9236
3728
1987
6660
3934
3573
7611
5059
5708
5695
4289
7791
6257
7193
1539
8017
5035
2774
6007
3897
1898
5931
9514
7600
3769
4432
6066
4864
2537
5220
8409
3544
5732
8799
2640
2471
4435
7089
1856
2612
4250
5286
4171
3961
1813
6763
8592
5561
5606
2681
2078
2737
8508
4839
7322
5150
7817
3418
3351
9954
8402
7787
5563
5341
5344
9517
6660
3645
4859
1560
4967
9756
8532
8624
5536
5425
2728
1185
3043
1292
1361
7764
5126
3874
6243
6862
1725
7533
8813
8902
5902
7933
8956
2375
8045
3551
9374
9756
2006
3611
2107
6011
4216
6015
2302
8154
2833
1236
5211
1961
3202
1153
1032
2632
2393
5543
5526
9172
7001
6406
4072
2712
1698
6290
3999
5170
2570
5507
5998
4096
4435
4321
1354
2229
8355
7729
1754
1111
2637
8828
9806
3269
6292
4527
8821
7686
4482
3920
8674
5346
5975
4477
4585
3695
4499
9237
4887
1272
9433
5181
3370
9169
6755
4611
9281
8350
4559
6948
6401
3732
9302
5490
1676
8924
5082
5061
7904
5121
3192
5187
5970
9417
1203
2713
7049
4846
2132
6365
7752
9726
8570
2522
5805
8080
1413
9584
2496
7054
5909
4380
6279
8498
5752
6442
6647
4668
4707
3880
8624
6042
6762
8825
7425
5183
3733
7264
1358
1928
5849
2969
8054
6969
2342
6450
4080
9455
5577
3098
7754
8048
8730
1368
5097
5868
7844
4414
2026
6201
3308
8193
1759
3181
6876
7106
5397
6098
6358
9804
9217
1638
4324
5946
2241
4165
6794
8897
7350
5081
8032
9870
1844
6783
7214
9123
1599
9468
3031
9630
6976
1704
4982
9841
4549
8511
6847
4093
1846
6620
5435
6897
4509
3586
2171
8474
7482
2900
9221
4280
5197
3551
3408
1565
3658
8816
2114
4592
2894
2772
3837
6812
3208
8931
6861
7760
1905
1209
9271
9545
9873
5536
3475
9324
1096
6642
5458
8216
2091
8936
2795
5713
5849
1579
7625
7389
7568
6948
9112
4597
6509
3487
7355
2139
5046
7780
2106
2494
7434
8720
9828
5647
9673
2483
9897
2585
4674
6517
6111
8937
1824
1336
2976
8121
8440
1660
2562
1733
6463
5717
4942
5678
8483
5933
6064
9485
3131
6326
5333
8164
7425
6026
4266
8272
8177
8482
6705
6085
5249
2591
6045
4341
1294
1780
4599
3880
4685
7918
2444
9852
1820
5521
8327
6632
7277
7455
6502
4764
1416
2132
5290
2321
3826
3264
2620
4718
4587
3707
2978
7950
5904
4169
4879
5572
7986
2051
6250
5924
2969
5082
4624
3653
6386
9721
2229
2143
4417
1573
7026
4350
6845
6217
7983
2411
5737
8720
4903
9902
9623
8346
9119
4038
3744
5805
5392
2982
5328
4483
9461
4771
4893
8039
2534
9383
3226
4758
9443
4560
3874
9216
7512
9938
6059
5070
5254
8261
9444
8281
8757
3250
9330
9670
2668
5223
7503
7998
7896
4508
6722
1912
8813
7897
9965
1355
3016
9016
8560
1992
8482
9379
5463
4849
2419
8978
5360
1862
2391
7150
8921
2569
3310
5985
2211
1432
8899
4298
3915
3786
1850
5664
6705
1626
8297
2404
5303
8421
4722
8783
7529
2494
5318
5311
9173
4374
5688
9780
1181
3572
4351
8914
8478
6227
3813
5778
3154
2297
4667
7602
2084
3250
5910
2287
4554
8722
6876
9561
9641
2164
8495
7694
5001
3985
4155
2524
2439
9090
9083
7666
4235
4540
2277
8385
3628
9301
4687
2706
9624
7000
1885
9249
2741
1395
9065
1195
7981
5021
5694
8520
8172
4084
2492
1514
7907
7034
2232
6287
5448
8158
8638
1769
3401
8703
9332
5027
1831
1104
2404
5151
3215
2128
1783
5079
1060
2816
4641
6621
7062
7266
2228
7948
8785
8649
3176
3078
1029
9986
9476
4403
9322
4600
4289
9846
3717
9401
4268
2631
5355
1463
6748
3794
5523
3921
3936
2830
9820
5102
2355
9206
1612
6523
8671
5061
5671
5125
1668
3327
6217
2551
8309
5886
1209
8088
2229
9198
5483
5781
3787
6727
1525
5203
1495
5843
9245
1733
7787
8314
9769
1784
1869
4663
5714
8529
1973
7385
9835
2279
4278
9191
2495
9631
8252
4216
7968
4556
8788
3950
8454
2996
1763
5132
6344
7493
4701
1455
4911
5353
3540
4956
8573
7791
8336
7977
9335
5360
3535
8480
6876
3108
2687
2149
2439
5707
2325
4070
1578
1357
3213
7999
3463
2437
7965
8623
6352
2498
6301
1648
9191
2304
4351
6372
8058
1258
7430
2487
6041
8351
8763
3546
2512
9377
7339
1139
3998
3830
2312
4316
4257
2594
5173
4424
4129
3705
8839
8294
6690
5289
3489
6197
8240
9264
9327
9969
4777
5025
4266
9284
2244
8388
8479
1928
9752
3223
8387
5698
5696
6617
9499
7600
6265
6644
3473
9404
8051
8151
8221
5546
9993
5924
4847
1319
9956
5458
7912
4632
9226
8743
9734
4140
8509
2752
7662
8626
2282
5683
5178
7880
8986
7940
6354
1890
3887
8844
5052
1697
7704
6115
8124
7572
7726
1276
1052
4911
7661
4904
4163
3485
7003
4242
1921
1542
2278
9086
2195
2346
6594
9748
4167
9532
1794
6148
3529
1732
6710
2078
2207
5501
8066
5189
3142
1971
1632
6086
9561
3283
1267
9684
2052
3110
7131
6635
3189
5812
3009
8290
5501
8244
5378
2442
8430
6560
5264
1722
2249
8044
5119
1236
1707
1585
3345
9941
5634
2066
5805
2242
1387
4123
6544
5452
9951
8107
2869
3771
8426
1781
4452
9257
8721
6913
1562
3448
7189
2994
3006
3855
9935
9190
4224
8654
1787
8820
5355
8680
9778
2568
6835
8007
8600
3973
9823
9315
8277
7451
7291
2586
6128
5169
3924
2446
4863
5720
2730
6401
7575
4660
5755
6780
7046
4174
4709
5097
4612
1271
2608
7549
7344
4325
2670
7271
6389
7428
3566
8217
5082
9222
4553
1587
4670
2377
6389
6187
3496
6857
7622
6612
5811
7169
3590
2480
8746
6636
6996
9670
3872
4282
3822
8601
8188
5219
2737
5087
5960
6167
1927
5369
9276
6161
5471
6551
1594
8098
3699
9832
7827
1373
9286
5611
1397
1094
8665
3930
2899
9051
7901
4614
4924
6057
4334
4220
9737
9075
5418
2529
5171
1120
8402
8209
7854
4347
5697
6123
1384
9192
7661
6761
8030
3946
5644
4347
9592
8266
9554
2920
6698
2186
7988
8393
1726
7971
9496
9832
8341
7200
4923
9671
9619
8192
8051
9077
5361
2415
4075
5931
9463
6797
6111
9822
5985
8696
6064
7219
9652
9390
1269
4335
3743
7283
5992
5091
9077
5998
3513
5335
5072
9915
4228
5256
4986
1018
2425
2709
8202
7622
4349
4793
7404
5355
5373
9654
1016
6231
5603
1677
5415
2466
2079
9793
1351
8082
3488
6431
1386
6268
9804
4827
7489
2947
7799
8288
9842
3392
3265
9466
3319
1685
7155
3939
8560
6699
3794
2284
6221
5144
6633
3815
2550
9564
3732
5378
2957
6792
8536
6689
6858
8595
3858
2663
8814
1149
8649
2405
4513
3399
5816
7820
1637
7836
3049
1923
8656
1927
4654
7139
5239
6337
8965
1955
4459
1036
6700
4673
5706
3388
5313
5118
3406
6917
3474
8468
2026
9773
8589
3336
1175
4707
9667
4920
5798
8134
5532
5333
9835
5049
2689
8732
7416
6991
5714
2320
8866
6377
5261
3821
5622
4895
8047
1283
3332
7294
4171
3694
3318
7102
4216
8229
9093
8397
5488
5957
4257
9753
2056
7473
8641
5929
1910
1627
8781
9324
4471
8162
7547
4227
5019
9267
7558
4741
6169
2504
6060
9656
6996
3248
3937
6561
1846
1602
8698
9232
5848
6188
8035
9351
1074
5032
9257
1994
6403
1260
8022
1405
9306
7721
9516
8717
8244
7825
7693
4973
1509
8545
5770
4795
5472
1283
1623
4798
2472
2632
6879
3033
8892
8764
3156
4423
2550
2176
7869
7147
6878
3913
6398
9164
1266
9798
6396
4655
5642
1670
3460
9732
9545
5537
8503
4113
4994
1228
5663
2028
1536
1210
9107
9506
6082
3479
8820
9564
4752
4265
7571
8648
7506
9551
6497
7509
6438
7481
3430
2083
3305
3217
7156
8751
1411
7599
6518
4266
8282
7098
9258
8175
5046
7881
4199
9665
4163
3852
4840
5396
3100
3067
7153
7028
2479
8262
1422
4551
7752
5636
6739
3376
7704
3998
5120
1207
7624
5635
6680
3411
8433
4141
6157
2419
3266
1847
2049
7288
5005
8488
2720
3518
7838
1218
4072
1100
8814
5174
9066
5034
9676
6993
8872
9337
7211
5560
2690
3184
3946
2346
2282
5516
5867
7704
5468
5183
8337
7075
5464
7704
4632
9255
4993
5247
4756
6588
4388
9747
2019
8118
9305
5913
7354
2733
4784
4673
1004
8709
9461
7738
3852
3901
6911
9322
7722
7516
1695
3598
9672
4071
8492
1059
1401
5413
9735
9528
8176
9371
9667
2903
4597
5838
4430
1677
6680
9074
2427
2108
5120
6678
7706
5693
1876
7190
4930
7770
7754
9045
7865
4133
7286
7006
5015
5951
3596
6129
4584
2741
6653
6491
4095
3044
6007
8505
1326
7297
2280
6690
8415
8517
2503
8000
6444
6951
3965
6322
2529
9671
3548
9764
6085
6711
8522
2632
6144
5548
1842
6731
2345
2179
3941
3979
8370
5597
5110
7923
8184
6162
8559
8416
1987
6490
8985
2660
1615
7756
4585
9527
7140
2625
7996
8556
7970
3750
7722
2286
1176
8122
4070
9645
9388
2456
8340
6688
7738
3040
1770
4874
2413
7876
8074
4694
3655
7165
4094
3869
1241
6421
3788
4133
3220
4643
3890
9912
3960
8002
8936
1704
8961
6407
2843
1531
4039
6485
5577
1553
7566
6139
9440
4928
9592
6589
1901
1830
7963
7605
3542
2721
8581
5652
2419
2677
2690
7958
3876
2977
9305
9198
9423
8780
8023
2208
8115
7647
7950
1629
9323
2332
8933
6404
7862
2688
8984
6209
6797
4660
7922
8244
7491
6630
5321
7517
5923
5612
1410
8310
7736
6493
4779
1706
8667
5881
7756
7183
8623
9463
7398
2181
6105
2611
8453
3577
9456
8841
6901
5438
5696
8135
9180
6875
9589
9664
7665
1756
3748
1175
4219
5422
4231
5675
6003
1673
2453
1946
4417
4908
7269
8399
9653
4611
6472
6966
4296
1346
5453
1132
3087
1403
5014
8516
8676
4178
7004
9057
9504
2717
3466
4446
2600
5284
6985
8721
6720
6949
4051
6362
4973
7801
2976
4776
4553
2847
1157
8117
2550
4616
8447
9734
7159
3515
1485
7815
5110
3824
8485
3056
5903
9227
3383
3792
1632
4090
4337
6165
1137
1522
4099
5111
9854
3381
3678
7331
1465
8974
8681
9316
5357
6901
9483
2046
8444
7054
8428
1308
7273
5206
7049
2623
5985
2011
7669
1815
6360
8378
1878
6942
4243
5520
2120
5374
6715
2144
6792
5922
4057
5692
9952
3261
5856
3273
8186
4387
4160
9628
4628
3872
3215
3410
5065
3311
5172
5712
4974
1942
8348
5202
4407
7664
2305
4355
4462
5991
4011
5874
1623
6729
1777
3180
4641
3899
3334
9586
3468
3476
9072
3257
9624
7940
1988
3645
5951
2443
9350
8493
3148
9750
9579
8320
8855
9557
5180
8545
4747
2873
1402
1829
5413
1045
6793
8810
4203
7627
1300
3101
8689
3147
1821
3380
1696
5055
3006
3964
1047
6593
1361
5993
6459
3532
8595
9997
8084
3305
8672
9500
2778
2245
8226
2352
3385
9238
4659
1350
8643
2392
5620
3802
3783
4329
4072
4122
8700
4899
6712
3987
2572
2893
7043
4997
4416
7415
6420
5753
6215
8224
1514
1869
8750
3974
9432
1881
1763
1534
7628
7646
2605
3161
2320
7443
6270
7715
9547
2280
6704
5335
8926
6253
4159
8235
2881
9294
8223
8502
6997
7208
9668
9433
9401
8254
2231
2975
8620
6954
6743
4822
1442
1423
6223
8355
9609
7945
2550
9446
4465
6380
7631
1299
6759
6972
2250
6391
3692
1872
5724
2335
3725
5103
6138
7403
6760
1848
4387
5553
6841
5626
2572
3542
6865
5207
2820
1076
9485
7133
8455
3800
7432
3335
1676
9758
2970
7683
2726
9836
6703
5241
5404
4370
7948
2678
8531
3648
5409
1598
7620
9588
3412
3961
6127
5403
2555
2164
3503
4555
1838
1906
1033
8011
9000
5103
6311
4453
8299
5858
3350
7922
3636
4922
4240
7046
6810
6674
2920
8571
4466
8677
6135
1416
6420
1229
9212
9342
2422
9837
1419
6518
7711
9032
2248
2369
9681
1012
6012
6647
1748
7392
5735
1715
7911
2029
2959
5623
2879
1907
5386
3464
4793
8580
1825
7981
7612
7264
1535
5011
6531
7388
9353
5516
6005
7392
4464
7252
5634
4027
2506
7384
7746
7808
9008
3804
6820
4069
1657
2213
5628
3304
9760
1107
4147
1705
5207
2432
4686
7705
8691
2292
1201
9111
6187
8075
3182
6086
4526
5398
6548
3003
3211
5862
5215
1170
3215
1681
6539
4917
8132
9441
5044
5886
5462
6779
1920
2550
5386
6228
8516
6286
1564
5406
6887
2958
5056
4294
5562
8914
6040
9181
5417
5509
9020
2099
4162
7149
3982
5871
4962
7236
9992
6077
5052
3507
8015
4756
9053
7085
4975
1512
5908
3189
8600
5315
3273
1703
6019
2761
3077
9763
5046
9730
6364
3966
3529
7203
5103
3724
8374
7855
4870
2444
4292
3319
5192
6915
9370
1464
6812
9928
3742
4891
9797
6462
9536
7481
8041
5372
4680
2078
3089
8883
3223
4815
3840
1347
7668
9897
9540
1289
5368
4121
5672
6650
5500
1739
5241
8484
5081
2757
4527
6609
1633
7653
3238
6533
5662
9480
6210
1446
1462
4362
4662
8395
7858
6346
3144
4059
6135
3493
9928
6398
3218
1366
8880
6326
2565
7459
1748
8102
7269
8970
1481
6968
3744
6813
1798
8224
5936
7173
9210
6163
3018
2161
1605
3084
6121
2449
3619
4634
4265
4874
6391
6656
2779
1850
4938
4723
2390
8594
6550
5851
1625
9646
6495
6437
2295
8035
8833
6958
9539
2171
1268
5672
3920
7302
6548
1696
3734
6117
8199
6036
9493
8009
1338
8029
6010
3928
2722
3839
2524
2961
6627
2227
3143
9178
3024
3740
2701
5918
9383
4047
3479
3987
9930
2356
4256
6562
3985
8780
9812
4279
7250
4228
9477
8801
8074
4036
5301
4458
2008
2784
7556
5559
5230
4399
5916
3598
4774
9947
3719
5688
8428
8230
5432
9549
4631
3270
6064
4270
6942
6993
3736
9967
8878
5165
7252
9618
4167
5836
5876
2580
7227
2734
3232
4202
9691
4773
1496
1864
1634
5499
2889
6886
2596
5789
4209
4979
9642
5041
2796
1564
8519
3795
8733
6469
5816
6486
6074
4718
8468
3124
6807
6933
6282
1059
9784
1415
2688
5692
7709
3434
2647
6690
8859
4882
9743
4068
8850
4231
2047
1082
7311
5979
6506
1232
2490
2040
3614
5131
2395
3457
8723
5634
3535
4931
8243
4812
7667
8197
2052
5482
7124
9326
4939
4547
2399
1280
9170
1647
5595
6833
2870
1114
7319
6824
7456
6985
7993
4114
7767
7380
1139
9648
8967
6988
3014
2735
6719
7147
4109
5380
3517
5758
1683
1080
3698
2194
9378
7969
8053
5833
9651
6284
9575
3318
5239
9550
3319
5950
1947
8678
4956
6118
9961
9965
2915
6825
8461
9351
4910
5564
2358
7093
7296
2023
9834
3766
7294
4652
7336
5908
4213
1110
7906
7419
6794
6087
7372
6961
5131
1165
3874
7398
8876
3292
3718
9580
8730
7070
3548
8678
1651
5336
1516
1637
8264
7416
4252
5655
9402
8447
8414
3511
1503
2877
1608
8878
3095
2661
6459
5274
4359
3295
2653
2791
7820
5751
2462
3361
8085
9301
3032
2966
9199
2289
4094
9931
9166
1466
6721
9193
3761
5601
1388
4452
9513
2365
8063
1986
7836
9928
8571
7773
9835
5047
8285
6365
2169
3566
1142
6854
1858
1582
5375
6542
3520
2969
3630
6928
9042
8743
2527
1009
5854
2672
2069
5205
9760
4781
8783
5211
3212
6382
3029
2986
7980
8509
6218
5892
8411
6214
2760
7184
6087
2962
3320
6862
6525
8190
2399
8528
1962
5384
1984
8495
4503
5429
4327
1827
7313
6327
5132
4216
1082
2586
6696
8406
1469
1684
7114
6212
4765
8870
3784
7320
6930
3082
7668
8823
4977
2839
7521
3147
5613
8418
9138
1872
6561
6382
1037
4770
2978
9581
6874
8168
9068
9070
3117
6575
3666
1290
9619
8629
1192
9335
2935
5506
7849
7650
2649
8317
7985
4477
4182
6976
1011
6245
2675
5923
3271
2038
6011
7829
5821
2648
9733
8193
8994
4173
5159
5942
4801
9434
3765
6419
7789
4439
8297
2604
7786
9079
4028
1109
8791
8992
9245
3864
6950
9615
5979
9250
9650
3653
2495
7104
4456
9689
9942
9492
6401
3734
9569
2595
3590
6999
5343
2005
4029
1919
2524
2410
4924
3068
2982
8014
9336
3079
4610
8193
6978
7607
4705
7031
2289
2584
6465
2766
5442
5646
3287
6751
9165
6910
6515
6014
3060
1640
1754
4372
6551
6948
1113
7272
3890
7896
8243
7999
9759
5991
1745
9733
3184
8693
3339
3517
1768
8986
9783
4389
9620
8408
2122
9869
7472
1554
4192
8541
4784
8410
3618
2696
8819
6605
4348
2439
3221
5355
9101
8574
3168
4340
9572
4255
4317
2680
4787
5043
1180
8303
6533
1166
4280
5101
6488
3819
5288
4148
7732
1836
7041
9650
2825
4780
6839
5720
9841
5181
2643
1737
9404
3054
5033
3975
2583
6949
6839
9743
2549
2497
2935
3038
5763
2309
6853
2790
1068
8343
2776
1117
2570
4300
8251
9046
2168
3771
6810
5050
9285
5396
1414
3736
5839
7973
8782
3609
6855
2667
4136
5170
7641
4062
2374
1065
7760
3622
7672
4227
4937
5995
3775
3603
7021
4805
4509
1093
8683
5655
9058
5303
1294
6223
1780
1012
7509
2831
5182
5395
7362
7828
8676
4088
9979
2542
1086
3514
4160
3668
7376
9960
2192
3577
3795
6708
1746
2570
4808
9723
8740
1297
3733
5185
5139
1551
6800
6504
5457
2034
2151
8763
8752
5792
1418
4999
4328
7743
7548
3897
2078
8975
6535
9592
3806
7704
3739
3009
2643
2157
2054
4524
2372
1346
2266
9179
5393
7595
4924
6100
4377
3091
5606
6070
4307
1309
8728
1307
3320
3227
2916
5650
3215
2414
1289
8492
1930
5386
6228
7785
2486
6124
1338
1213
6264
7173
3928
1269
3972
3568
4703
7841
5054
2736
3823
9787
7554
6339
5291
2268
6857
2738
8435
2075
2815
2334
6306
8103
8530
6798
1410
1220
1458
2003
1820
7203
6695
3360
1788
7086
7510
6626
7494
1852
5892
3436
3721
1014
4745
7505
5439
9744
1363
1027
4667
1313
5432
3947
1977
8850
6855
5711
5051
9595
5591
9667
1198
6193
3302
1596
4258
7610
2225
2832
4046
3595
9979
1917
1213
3790
4202
6331
1065
3699
1961
4014
4661
6771
1352
8661
5475
4477
5296
8404
4775
9134
4293
4768
1749
2316
5142
6596
9233
1154
8293
4552
5972
4667
9003
4928
2642
1054
1490
5894
2882
1009
9438
9472
8864
6643
2984
8538
7969
2314
6920
6225
5729
6498
7501
4129
8924
7267
9091
3310
6649
7621
9190
5670
5988
5966
1540
8397
1033
7506
2873
2288
5874
3507
9309
5678
2141
6693
1634
7153
1758
7247
8333
8092
7856
7464
9924
6978
6563
9488
2739
9629
9111
8268
6093
2256
6981
1955
6530
3792
8837
8921
9569
7719
7382
4330
6943
2795
3959
2733
1810
2459
4863
5720
6980
9094
1780
2070
2289
9671
9023
8795
1806
2497
2386
6230
9724
1838
2166
3935
2205
6047
6630
4160
1439
3486
1593
6584
8119
4492
1613
6981
4479
2842
3471
7736
9461
8563
6519
8448
8563
4826
9827
3165
9383
9578
8729
1090
4718
7060
9399
4414
6041
6345
8021
3334
3036
2078
1323
3167
2064
2641
5709
1243
1822
4263
3333
4644
6138
5582
6100
5824
7662
4929
4624
6642
5262
2005
4189
7660
9083
7350
9404
5409
9400
7931
7626
5930
6260
7911
8152
2536
4182
5115
7337
1474
5866
2601
5769
3132
1426
9083
7555
4031
6821
7519
4861
9521
9995
5965
1223
6493
1721
6865
5527
7795
7714
7963
9009
7311
4755
5107
9310
9232
6898
8354
7744
6772
9790
1183
6223
5506
7672
3942
8385
3528
6080
4833
9343
6871
1764
4705
5174
8996
6341
4421
5865
4391
6435
4388
8869
3127
3015
7153
2683
2714
9949
5872
7819
5498
5952
6085
1788
8180
9884
8445
1021
5911
1243
9485
9653
6848
9400
2804
7957
5546
3259
4516
6307
1821
6061
1069
5652
6411
3512
7483
5280
2800
8614
7225
2698
3001
3993
3493
5881
7813
9441
1103
1788
5118
8704
9741
8583
5324
1611
9222
3844
6599
3043
3533
9089
3865
1036
2164
8794
3942
5824
5403
4949
9212
8907
2026
8186
5060
6719
7804
7014
8597
8003
6451
1342
6390
2210
9073
7927
3292
3772
4540
1116
1647
5683
7845
1979
1816
5698
9028
3900
1398
3340
7753
4514
6531
1548
5881
1446
9271
2332
4132
5275
8348
6426
3801
4826
6783
2881
5196
6477
2091
6956
4858
7642
7904
2091
1054
5035
4075
6431
2301
6669
6085
2778
7319
8389
9902
9318
6219
8434
3133
9476
1691
9788
2415
7366
7233
3835
6272
6121
7569
2920
2727
6648
8928
4649
6197
3066
7535
6480
7254
1813
2103
2928
3101
2488
1611
5482
6482
6781
2190
2268
4835
2028
9924
9061
6839
7358
4659
8403
7856
3532
3519
4077
4140
4337
3730
8441
6391
5123
6735
3903
6720
7274
9702
5357
4335
2410
8241
2394
3883
2548
2984
7874
8782
8102
7214
3476
7464
8874
8860
3977
4535
8342
6289
3431
7056
7253
6519
4434
3064
6149
1433
1726
2440
4791
2136
3661
7847
1984
3128
4055
8848
7366
9930
9249
9734
3674
9730
7962
2857
8654
1602
9029
6785
7647
7380
9151
9392
3427
9444
9345
9774
7635
4991
2895
7014
5901
5024
9809
6380
4407
8953
6841
1970
2100
6526
7804
6928
5256
6025
5559
7528
8540
1952
2797
4214
8454
7503
9739
4589
5371
5960
7954
8996
4610
6736
3188
6917
4903
9642
9268
1396
1882
6426
7910
1576
2326
2112
7834
4454
3968
4114
6446
1994
1806
5153
1392
3735
3045
3110
1693
6537
6036
7490
8169
6100
6418
5974
6693
2052
2589
3874
6516
6997
2870
3116
4966
6670
7486
8846
4620
2365
9161
8539
8386
5851
3582
5598
2860
4087
4799
2748
3875
5658
7720
9048
8840
7555
7780
5278
6678
7019
9207
1524
9347
1051
7286
6684
1704
9629
5567
5466
3628
8477
8064
9067
2351
5559
4785
2318
3127
7849
3856
5959
1995
3304
5788
6238
4911
6304
5950
3952
5183
1540
5542
5965
1112
4429
6944
7499
8187
7654
2655
5297
8618
8556
9531
5652
9062
3852
7234
7702
2163
2690
2951
5894
9046
9452
9280
7559
4981
7807
7070
5660
3938
7349
8507
6911
5012
4206
9186
9472
8958
9041
6806
8740
4452
9722
5349
3697
9753
4629
8559
7113
8301
4474
6392
9449
9782
5198
7889
5936
8528
8362
7229
7178
6109
5200
9447
5973
2150
4382
5765
5523
3446
4036
8379
3283
6151
6493
6713
8637
2986
3793
2841
1792
7692
8354
6271
3761
8118
4213
1912
3136
4337
2474
2624
3714
9527
2953
1958
1553
9495
2859
6099
9346
7635
7869
9738
5913
2315
9163
5279
7654
3061
1902
6198
3466
6911
2950
6845
8570
9310
3789
6455
8409
7808
4174
6655
5865
3649
6479
4747
9642
1075
4645
5690
7371
2062
4350
8212
9303
3674
6935
3993
2343
3916
6399
5711
5772
5799
1974
6783
2076
4753
1982
5951
9472
1870
7239
1332
5181
1975
9911
3354
6732
2579
7437
4452
9698
7444
1756
8014
7938
4662
8644
4237
6771
2014
5234
9147
6152
1665
8798
9853
4202
3142
6439
6491
6572
8640
5754
3057
2500
9244
3560
4256
3168
6356
3808
2912
2033
8488
5310
2173
3874
6596
8297
4608
8888
7959
8849
9603
3704
3890
3058
4701
5327
8794
6087
2124
6758
5183
7083
3227
4519
1678
6229
5271
6656
5715
9031
2774
9875
7815
9303
1424
6365
8108
8855
2006
6674
9477
2417
7360
6329
9582
5841
9056
5776
7178
1785
8968
4516
6708
9733
3047
9355
4879
6670
6863
3660
2274
5628
8829
8569
1025
4718
5999
3081
3799
2169
9841
3181
5680
5987
8073
6339
6857
5739
2493
2106
6660
1453
1739
7841
5683
5660
6765
4028
6767
9611
9371
9031
1141
7489
4641
2042
2693
9614
5200
7701
4770
1755
5520
4749
5626
9273
5565
8819
8024
7891
5046
5483
8210
7067
6919
2475
7032
5229
8778
6359
3812
4663
4233
8453
4344
6820
4035
4356
6918
9679
9512
5037
8321
4437
2368
5531
1132
2390
7709
5187
1558
5695
6061
3754
1134
3645
6118
4654
6307
5471
9373
2154
5962
8133
6025
3545
7863
1749
1132
4725
1600
2112
1327
4916
2713
1349
2151
7959
7237
5075
4583
8435
8503
4798
2386
6197
6742
5324
7179
5032
9917
2969
3061
8808
7795
9935
4818
5699
5658
3951
2636
5048
7223
2184
7256
9043
6090
3531
3373
7823
8090
6788
4307
3872
5483
4617
3404
6271
1929
9458
8062
5227
1797
4717
6610
8922
9505
4097
1397
9170
3927
4003
3690
6578
2320
6849
5882
1908
5269
9254
7484
6543
4615
7388
8670
5485
8678
5132
8107
3621
7031
7970
4488
3736
3730
4081
5723
7710
3386
8568
5112
9033
8078
2530
1788
6017
2510
4987
7169
3091
6273
6815
6083
5239
9696
2006
7110
7943
1133
3862
3444
1419
9920
5447
2112
2931
1661
5616
1971
4819
8991
7743
7654
8304
8165
1942
2170
5493
9066
8048
2224
5751
7211
1597
8970
8000
7130
4269
4552
3498
1408
4408
7862
1629
9854
1468
7660
7944
7473
6941
9704
3489
8105
5727
8157
4144
5450
2665
1124
2729
7323
6818
5913
4313
7712
9604
7532
8264
1242
5777
3289
9871
2050
4261
6879
4777
6225
4364
1033
1912
5596
5139
7918
8463
5307
7283
4603
1193
7895
1173
2469
6920
2837
2614
3712
7359
5575
4626
1559
2428
5066
6429
9557
9561
3066
4120
4884
5746
8181
3013
2094
4051
8721
3714
5422
3513
3661
9862
2404
8383
3996
9827
9675
6451
9053
2487
8796
4971
5685
5336
2041
6554
2802
9317
4979
5922
1611
8230
3354
5943
9007
5615
2837
9138
7153
8642
2166
4329
8517
6111
9015
5396
6581
9144
4101
7351
4628
7928
7107
6245
3356
9281
2759
3133
3289
3217
3262
7543
1786
4143
1430
2487
1609
5525
9565
8116
4030
8536
2734
4344
3697
7645
3835
6896
7221
4753
1918
1848
7905
3944
6646
8424
6409
4119
1302
8898
9163
1112
7416
3831
2068
4783
8827
2279
4349
8086
1810
7679
6952
5401
8618
4913
4087
3036
9840
7848
4099
6189
4079
2303
9419
8798
7408
8811
5842
8952
6214
9720
6906
5549
6370
8157
7915
9094
7743
7197
9614
1456
8579
6403
1909
5288
7609
6241
3462
6464
5015
7973
5903
3253
1579
2237
4700
3994
3221
6921
7842
1921
9286
1828
8227
6330
9126
2719
5077
3910
1831
2635
5227
2850
5585
2081
6900
5350
7805
3676
9146
5497
2924
5771
5004
6002
8828
8260
8541
6588
6406
6633
8310
6575
9304
8560
8590
8099
1230
3981
6193
5672
5439
2156
6275
7255
1718
6749
4340
5790
1287
5020
5521
5987
7202
4601
2486
6549
1259
3851
8207
6585
1345
5464
8079
1680
6870
1992
6372
9922
6588
9979
4017
4628
9367
3560
4467
7656
9972
6998
4391
3560
6367
9182
3327
3552
9851
8065
1813
9784
7682
9692
2801
9419
6343
1493
5396
1516
2372
2072
6020
8880
3284
5184
1903
8712
6371
7786
6583
3111
7769
6350
8550
6375
2196
1366
5191
4313
1169
2757
5754
6992
1483
1737
5389
2214
6511
9125
3692
4358
7913
3313
3167
6494
1340
7052
3738
1006
9153
5051
1305
3926
4422
7801
4404
4653
2854
9181
9171
3683
7206
3865
2910
8128
9149
4711
4675
7572
2732
4372
7737
4974
7597
5289
9899
4143
4272
6180
9191
9744
2964
8594
1567
5923
4925
7199
8579
7998
7226
3598
1982
6945
2714
6111
4687
2804
7647
5009
4452
3855
2684
8317
5049
1291
7147
6781
1019
7090
9950
4091
1558
5508
9972
2559
5572
4111
1545
4665
7630
6096
8983
2958
4288
6892
7663
1526
8404
8582
1380
1208
5014
6544
3555
7389
6149
8403
7990
1016
8003
8750
8935
5092
2453
8516
2063
9885
3795
3800
7616
7420
2844
5629
8265
7920
6248
6022
8414
6620
1290
5242
6998
2900
1941
1397
3817
3090
7890
8344
3466
7935
6111
9990
9847
3759
8787
2977
2045
5741
1743
1614
7486
1211
5238
9800
5706
3976
9083
5663
8579
7152
6298
9616
8870
3410
2478
7297
3432
1717
3596
2370
4073
1991
6500
6909
4742
8779
6011
8341
1137
7254
8994
9993
9254
4087
3366
3918
6566
5726
2698
1954
7972
9701
7867
4650
9557
1707
3288
3582
7614
5184
1308
7217
3324
3183
9025
1451
4254
6963
7457
7287
2665
6498
3625
9497
1787
8783
7060
4554
3724
9746
7795
9101
4051
5639
3631
1238
1309
4556
5549
2474
6418
3680
7385
3548
6132
2542
3738
9428
2028
9750
6527
3196
7397
2549
6933
4164
8384
7704
4636
7850
2650
5889
3749
5513
7413
1006
6664
3758
6376
5601
3212
5208
3171
4452
3510
4668
7285
9485
9196
7595
2654
1502
7597
8761
8418
4370
3906
4394
6864
9421
3615
7228
6297
5934
7801
2850
1182
7926
1966
1180
5815
3923
8291
1592
3383
6425
9452
8737
7939
6624
9903
9313
3508
4195
4584
6387
7116
2479
3090
5684
9968
5749
4817
4311
7314
6859
4113
2477
4604
8657
7766
4931
6263
9925
5920
5132
2616
7630
8054
1014
2488
7572
3582
1813
4511
2425
5894
7869
8633
4434
1666
9470
1707
8518
2426
3339
1561
4813
6122
1818
6487
2928
2873
8735
9445
3372
4638
3917
6845
7672
1537
2657
3811
8832
2167
8835
1602
8432
3234
5584
5584
7948
1558
7108
5903
7666
3462
3773
8741
1716
8386
2619
2156
7032
6855
8084
6206
5515
4989
1996
3088
8654
4535
2787
9784
4896
2309
9385
7266
7377
4527
5188
4294
4326
7837
7671
6429
9914
6686
9967
6039
9496
8012
9640
5410
5090
8259
6361
2286
3023
1857
9054
4690
5555
8955
3582
8610
6853
9548
8162
3690
2286
1017
9478
9152
5013
6088
8425
5781
5346
2914
1293
4482
3191
7932
4784
5924
9190
1384
9082
1269
4365
2514
7849
8721
3004
7421
6040
8390
9779
6988
7524
1243
9784
6493
5945
1363
7321
3320
1216
2841
6126
6587
2492
4705
1543
2420
9613
5109
1602
4491
5883
5956
8967
3746
8547
6570
3688
9059
1818
1303
7947
6496
9102
2603
5456
7193
1161
6958
4596
7104
3934
5860
4626
8840
1028
1728
4336
7333
3927
5556
2998
4411
4794
6171
3534
3071
2319
1608
4308
2015
7460
1940
6906
5848
8377
1045
6635
7354
7614
3216
1773
3330
5405
2626
2673
3551
4107
7724
6369
6314
6851
3334
5237
6126
1715
5326
3974
9276
1570
3058
8275
6340
5557
1440
3398
5324
8435
2518
1711
5956
2722
7715
3377
5603
4040
5859
4536
1211
6552
2194
7068
6891
8892
8579
1587
7082
5002
7052
3690
1116
3631
5693
9084
5056
2692
2110
9053
4696
7650
6187
3232
2328
4615
5691
5694
4043
7713
1359
4280
4683
1511
7250
1564
2943
3757
7000
9691
2713
1010
1439
1846
2706
2892
1865
7668
6365
7731
5579
1220
1506
5067
5950
7873
4502
2565
9632
7594
8674
8746
5758
9480
2730
8611
7447
5415
6762
4730
8872
1684
5695
8805
2431
3225
9314
4827
8003
7873
6204
4518
6124
6741
2940
5835
4588
3324
3033
6814
3910
3953
2344
2256
3205
3168
9016
3448
5562
4304
3818
5619
6231
3382
1255
8837
1922
9453
1813
5524
1614
5406
7349
7887
1201
3435
7242
8379
5003
3787
2131
9151
8972
3896
6963
9719
5422
5462
3605
5465
9061
1827
1501
7816
3374
2220
7466
7570
6338
6264
1366
5729
4664
5604
9581
1614
2600
3649
2979
1242
2656
2328
1848
9907
7052
6269
4243
7169
7292
4439
4142
1692
9910
8308
7936
3130
2572
6569
2864
6306
9329
1355
7815
2497
8723
3634
3356
7197
2418
6730
4406
4622
1458
8961
5065
6632
3698
8039
7610
4306
6635
7901
8873
9146
3770
8051
4596
5999
9486
3701
7642
8171
8421
6932
6471
4528
7593
9662
6003
3127
9343
8723
9459
4828
5234
4091
4437
6139
1729
6109
7683
7389
4136
7804
8902
8527
8648
8990
2889
8585
9491
7003
3574
3000
2373
8834
7961
3392
3563
1752
4437
4556
2410
5384
4433
8733
5891
7117
6927
5162
9962
1508
5870
1547
6358
3768
3691
1285
7862
4212
2335
6798
4408
4941
5104
4896
8125
4836
4091
5554
8937
3887
2235
8112
1477
8028
2599
9827
2067
6582
8237
3280
6570
3560
9283
3195
4374
9893
5797
3702
7673
9289
2652
6134
9276
9410
5542
1128
6940
7746
1849
5721
4756
5265
6187
6785
8231
3232
6581
7662
7366
1768
4304
3026
3337
9519
2845
4655
7278
8309
5211
5121
4837
4920
9749
8490
2794
9869
8659
7337
9609
7050
1600
9146
8978
2966
3103
6050
1324
8363
2666
9066
6121
6064
8927
8097
2400
6293
1760
8646
9242
9435
4306
6091
1705
4478
7992
1473
7899
1961
2014
7762
2820
9733
5679
4499
7828
8628
2179
1614
3251
8863
4595
6460
5685
4930
7234
2267
3119
9466
5852
2682
7582
6358
2993
7677
6081
8836
4864
3837
5247
6723
1159
7520
7139
2655
2746
8198
5206
8572
9452
6101
3752
6949
8392
9584
8256
1838
7791
2092
9520
7149
3823
5436
7176
8656
2065
6243
2018
4075
7410
8951
9981
6738
7956
2389
8550
1269
2721
5142
4290
6325
6459
8791
6130
8268
9396
2321
9964
4147
9476
1233
2056
7841
1325
9565
