29662
11589
95239
34823
63497
33526
10508
40007
92580
98473
43726
26842
75179
84230
42146
70179
24084
35462
81767
47993
33557
32194
98618
61560
79254
26695
12130
61323
55557
91029
34404
57339
10773
76257
80721
40022
89020
15697
86648
71385
75539
40770
32182
76894
86508
45663
92233
25276
35334
71537
25142
81280
52567
34000
84033
95829
81812
29073
46874
58706
99339
26546
75451
61769
61773
50507
50586
15954
34312
69110
28750
37788
96743
73247
59469
22175
66536
98254
59843
52630
57697
20005
11150
82724
58109
66636
95078
26094
66441
71358
76613
79497
28086
80279
48290
29704
72319
72528
46471
97474
99823
93436
78016
11882
80257
93448
47959
62592
86223
47325
89718
16171
31740
79886
55267
27128
86503
75694
24808
31173
59833
69323
48915
94311
53683
74643
30451
29927
38568
22076
68560
91320
68894
25757
44428
76861
88382
26305
28584
63839
92675
90161
46082
61666
43335
42649
43094
70899
93014
82467
98648
34749
55616
36707
60136
22350
42419
33588
78364
77313
45805
93417
69926
78796
77152
89712
72925
96791
21234
90600
51093
29042
14498
85271
27597
42957
30771
36138
60169
81748
66672
27509
79562
52976
55522
64664
88245
80095
59722
50208
72561
92243
52577
13608
46395
19562
82229
89859
69725
79756
45716
93616
77610
28963
14544
83750
91640
81949
30248
27050
40114
71049
73536
34429
99727
85863
43822
80249
71978
68247
93152
18947
24788
36956
33598
80752
16048
40195
88264
10423
87122
65381
92175
36030
66345
26374
11165
47434
70553
92163
46384
93707
52834
96687
61030
97835
10737
97724
99013
24413
49345
30616
66906
42864
93978
65683
91647
40812
21226
46624
75662
36814
55709
25264
11151
55674
22526
74404
36590
99658
44637
75096
93952
55724
22939
71145
75966
23309
17823
36175
71535
16466
30599
76523
45509
38186
24218
27948
99380
92263
10854
72116
48243
13805
51735
86235
61579
44076
72076
48615
46635
45266
67724
73614
55468
41293
43773
70667
67700
67622
30631
97035
29592
94897
20720
49377
32426
27673
57664
25634
27503
67775
61919
58923
51843
28738
25323
93140
65302
26463
27101
17391
98452
99989
39337
43601
21655
71850
86442
50669
19192
36414
55300
33226
32132
72592
72850
79858
21932
90802
13075
72028
32266
36348
23293
88541
71119
97847
55611
81774
70358
78775
24174
65165
51216
97020
42198
57954
79658
62941
48676
74593
57196
85348
42739
81473
39381
48178
42944
47123
38969
10954
86967
70565
22295
79143
30515
86937
88341
31959
68689
46445
17100
39939
55386
33709
51800
59324
50636
45463
56236
17299
70761
96724
64344
69893
85433
64395
28526
38720
33562
98590
64097
10622
63393
24399
93005
41705
92721
34739
38951
53548
61528
59587
94674
33765
50311
96470
75657
30399
33430
49348
88834
96759
60652
97621
86887
18783
66888
25446
63614
13886
20893
23325
50191
52763
21608
11802
64125
48868
37221
38286
34844
95028
49279
36554
53287
95921
53127
78956
77720
93844
91078
11087
81023
79598
37045
29812
92161
89317
89225
52726
96325
76934
73906
24192
62260
29513
85885
73455
87953
20926
73307
61214
67201
56783
30747
20244
69095
83217
56832
40814
91020
31224
94746
24360
97113
99662
60536
49468
59272
46122
27290
94277
19220
87701
62465
49534
63660
20511
40418
89420
54007
49854
65478
42625
64833
38767
40828
26668
93551
85141
33863
99970
89747
86762
29098
27179
36373
39101
56905
94573
20579
38665
50324
26488
23295
39733
94675
43647
78772
61464
73276
81201
10751
21778
45783
55522
72228
12143
93963
35894
34444
50263
43933
25230
56503
73889
86405
42558
44562
42171
27412
81350
72544
23780
68195
22194
38745
42358
77896
24993
93442
32630
90425
12775
72478
46843
22756
62276
93719
16174
95212
13557
50497
19420
20502
17199
90800
21821
98951
17788
84542
80027
13172
79052
62302
90203
32097
48085
55956
11984
22883
25247
52491
64427
49084
26895
43991
64268
24034
44767
99280
93648
20063
11025
51292
67914
81394
66128
32634
42222
22149
44168
21555
90773
48101
57742
68332
46088
79433
80888
72688
94548
54963
27148
16571
88811
55509
37710
45001
47866
83084
34628
47206
80186
55901
58580
90372
41389
35929
96479
39930
25552
40452
41823
72675
93350
10384
86663
24192
48982
35754
38416
32899
14128
83320
88710
37761
82336
76463
99614
26825
39291
31967
52726
96747
17328
77782
15388
33468
81031
63536
16566
99353
70629
67575
44121
98877
80397
82963
71763
43552
33688
33920
32073
91396
96246
32102
68710
55274
85774
70695
77366
86577
36256
26942
52697
72268
47247
73442
73109
88856
76825
57912
82560
42424
85690
32626
48578
63715
23662
30702
11308
30239
91811
58594
37575
77310
60241
78751
14033
14992
89647
80318
42410
58438
77009
39604
50294
99338
22576
12127
28649
30872
59649
37897
94911
90170
48768
82802
97854
13868
48790
54151
41059
60703
42616
63904
72893
59008
58244
41084
63394
93388
34885
98447
95119
65267
25840
76164
82443
35430
33889
35412
95694
87926
99340
84578
72155
94792
58936
49669
15201
17299
56046
91446
18537
79445
52503
71941
52393
84897
15113
94500
17050
18111
43138
26666
48629
59147
57854
97474
23688
94227
82332
82636
31685
28660
78744
84181
82440
50183
57137
56540
19043
58099
24806
84138
51802
50757
89718
76394
42261
72474
26863
33152
44395
44286
81506
64736
10782
45926
23564
31892
74867
11810
56695
36669
50106
75889
13985
42449
65104
65730
62232
15456
98056
75087
89684
81075
26759
45381
64463
75984
23176
29519
95949
13454
84520
16816
79938
54784
22708
69284
29474
94411
93757
17805
72041
40985
40609
65829
43814
59598
13239
49580
94099
23219
70692
23935
67037
15036
15105
13470
63546
26573
34014
40394
21109
66838
21400
23037
85610
28287
95323
43403
87863
42604
51612
10585
31822
51693
57509
57712
88106
13958
48462
49252
67966
66335
18048
88998
41593
25472
10837
14122
55019
66215
47994
80504
14926
91779
20034
72683
24011
39752
60255
98402
80272
25871
87184
35785
43847
10961
19870
42229
24067
96302
88530
87261
84871
45863
54429
30568
74406
23364
43753
88989
17172
69789
12520
18293
62934
13298
48734
51550
71817
13236
87622
27742
63419
96779
66539
79919
58650
88863
21375
91462
20299
68065
42355
31189
51582
97679
19145
26233
47066
49583
25769
16443
49272
83924
50175
10701
18291
66748
33746
81236
65688
92170
32769
51856
91249
61346
65931
29694
71651
42572
45606
44149
14880
58787
91244
55407
46476
23267
63020
66399
93007
94161
88690
31793
39117
86945
67143
72292
61540
86153
50027
26174
64920
60508
19898
60276
56641
89107
88418
54737
46090
66055
53245
39750
80012
42717
81763
21436
90742
46649
12798
27342
79212
19529
31571
29326
23492
17835
45019
87032
64057
24714
64877
87388
13930
52255
38466
96417
78605
79966
45812
59494
76832
87646
65926
43532
37372
92958
11683
16496
82183
49062
51033
13284
26099
52624
99274
40624
74616
43011
17379
80652
90457
20598
58845
96845
84917
49307
86355
69281
26625
96425
12476
93852
94512
58438
15770
86664
77558
23192
14796
65907
67980
26535
22259
51575
50613
55601
81943
56170
91282
10342
74742
95144
14752
31862
49237
85790
37878
99929
88087
20317
95841
83314
46826
59408
49983
67227
99241
20358
13212
86040
31716
72402
96657
57126
20532
61191
54787
71820
27487
57637
29578
52045
61016
50040
59138
60699
40332
44565
48145
31165
57510
33588
43928
14315
58278
64787
70589
59251
17637
68248
37276
58730
77125
99390
33165
61048
99828
39449
84042
67345
59915
31860
10261
71431
13030
97641
29057
44225
90895
22707
52603
54922
99569
47075
86091
82343
85866
23932
70158
83213
79718
79942
83811
90598
81707
47359
23345
54259
35957
90721
49821
54914
66882
54609
54991
96051
27466
76089
53315
63825
63864
11721
55128
21572
15407
23781
79138
25727
44328
41988
41605
52379
36644
32269
45824
71396
59629
54781
24035
10757
35626
45785
77145
29767
90624
67255
95194
14777
66758
55187
83840
29263
88820
11254
37605
76908
88031
19274
94223
38498
88037
75622
53016
68212
19527
63883
36825
32308
47477
96261
91088
90281
94618
69903
24316
68751
51986
25705
69499
48304
21974
20009
80436
43034
18723
87905
76819
50088
88554
72106
14947
94543
47926
99043
83395
19333
59396
64607
91946
89166
53042
33794
19065
35307
47783
55936
88271
35485
97587
13912
38223
97937
28498
23902
41040
35074
88827
28246
42062
86393
29054
23480
61283
28350
23635
91018
16222
98258
98458
56175
47836
10377
25894
51317
59226
45517
82131
88121
52117
79706
81212
91165
88574
47341
47639
65369
90532
31241
16671
90578
76694
67912
75544
43337
17311
67881
38325
15884
22059
43443
31312
96169
44723
98313
64965
33838
13607
39919
96170
70275
48968
76144
56640
26862
11817
21194
18064
55906
98522
79451
67032
14035
98032
45723
33200
91131
85012
26523
25171
94784
63667
76628
59556
35780
46522
71623
62645
46000
40916
14249
25527
79737
75866
79324
11892
77386
44887
54712
13695
76924
67277
59236
26829
43531
47825
42892
12727
59719
31258
92010
82856
64486
98593
16415
96325
86180
47856
98440
11523
69653
67303
53789
19244
98947
73200
96129
17170
28908
54222
79863
28822
29092
12563
83571
25564
32504
13953
33663
84273
40563
30985
91765
10484
34341
41475
94358
58970
99676
31446
98808
13344
89541
69434
64466
27581
59105
87433
49555
45654
15567
65838
90828
12344
82572
68683
49031
53590
25106
14379
40241
71026
35556
49514
73442
99513
34521
83270
99185
60346
73802
56006
75593
55035
64239
50413
75321
73253
80136
65583
44236
48992
98377
55524
19304
95734
75807
88045
88216
13256
52047
70647
71276
99519
28318
14955
99101
33210
73602
29885
90063
72739
69751
63643
73770
15969
48173
95775
70026
84369
50936
16497
94719
75727
54823
40541
46472
86349
97652
42213
66752
27961
20985
96625
31283
34372
44594
90746
84308
75440
33758
79688
78285
29323
66176
54909
48695
94922
90065
37829
82064
82292
65603
46927
74830
51417
18071
85329
35044
58795
13798
72751
18732
24801
80842
25449
61038
35348
66889
11996
60992
21495
27901
40442
19596
88714
89415
50472
28567
79136
63379
44600
72863
37882
86736
29802
82461
19958
56681
87946
93067
13257
81125
99262
52644
60351
37939
56517
63384
28056
68380
12505
50172
65013
63192
91985
15350
53495
69776
38114
19224
30856
32043
54934
79729
20856
92308
96586
65685
46046
63838
73711
68479
34962
95376
23480
62887
85605
13218
14083
30510
91818
41207
21445
45951
87292
33837
62414
10908
81850
77216
63618
60749
10822
69644
26695
53554
99168
52504
15344
16755
87547
18156
59970
71631
82414
54569
97847
20002
61502
49718
19858
32457
20289
81884
17272
99215
18422
49632
24226
55209
15500
25704
10997
53560
97651
50067
68120
15064
82817
48470
32936
10872
83676
14163
14473
75899
30908
19342
81999
90033
96388
81754
85467
94308
63767
44564
83516
70483
48928
88237
12671
91904
67483
50455
61045
72406
97394
25665
42013
41214
63960
12335
54160
66426
73108
26129
74713
24678
62597
51743
85880
97979
43232
86793
56171
51329
59508
39576
27659
78903
56487
79643
62528
75699
93716
79145
31617
44429
61217
43526
23779
15328
58161
50391
15769
78945
81562
63992
48749
48252
99995
16019
16105
47473
12709
75239
81321
37863
66650
57748
52966
92424
11688
91923
73914
44345
17748
49406
83826
93379
34611
21034
27385
31911
18076
36450
55935
81297
48252
30783
69211
97622
97120
47289
25839
71416
98372
73667
61299
18026
74274
41413
61930
86053
62173
30865
77790
17504
14757
54232
31425
30434
89846
80827
22675
50775
63097
21354
66392
36035
41362
44185
64051
55854
32442
70378
84445
55947
66279
33821
17214
56992
98288
82544
65675
83568
17200
38783
53698
44979
62321
15705
72503
22534
62147
88898
60658
29725
21547
96808
98372
12170
23448
85681
65003
91403
71936
89425
83616
57290
38308
69849
96447
57431
27589
44406
98082
76239
99019
33007
26256
31944
42774
86001
66516
88028
26032
32253
52307
42272
54302
32385
95121
24549
22016
30612
57647
98587
20464
74243
32604
49716
37576
59373
16969
94552
64490
70380
56195
80617
52638
90285
48623
90428
70561
64520
63671
17716
90191
25201
50697
15679
10323
70302
81219
35736
72490
54928
11264
63296
43478
52250
59846
20775
44464
70558
26829
48659
56426
62345
51332
71948
88721
95248
74035
98073
97342
49341
78647
41465
77361
48952
41401
42564
98709
97373
33035
44003
52862
13103
74967
16146
37250
13520
15021
88607
58807
23869
57651
10114
54493
93520
16777
78119
88230
59675
11998
18862
18289
62628
58948
32205
61094
96556
93911
71498
71023
99131
63869
53937
32499
71665
81456
32784
53650
19058
58281
89738
89439
77745
15632
44893
31594
65910
58376
10804
37626
54998
76299
38836
32610
28143
81340
27075
59660
55367
27950
70418
23802
35718
18853
16021
59233
51445
39796
97200
23765
94993
68746
87109
46297
87935
93274
70178
80445
19594
66507
68920
19414
35109
32148
39110
85524
10065
19718
94440
27414
78501
25812
90266
52029
66500
19135
61465
76776
52864
72268
68477
37866
74369
99302
47880
94546
77844
43074
54740
91785
17756
66045
40526
65653
94901
40980
70547
50217
91623
11745
51811
25909
64748
69441
48515
81711
89864
87263
91758
46905
30998
21501
14773
43501
63745
90139
89070
79106
99183
83840
40088
60262
17571
91921
14011
75656
50337
78700
21013
26046
75966
37932
97901
93216
30826
54060
62407
94584
74330
77917
93583
27260
37827
97578
51094
89164
89639
50893
99619
85802
91548
14300
67553
32690
83459
19538
16307
44671
60621
79001
59108
10106
96891
74083
53202
65601
90865
91599
84406
38944
27584
20782
29049
82895
64070
16970
34562
33487
75218
38837
27014
46009
59726
30952
35147
81583
65280
85095
54793
97822
20820
30460
59354
65106
80182
80280
32281
57095
65302
94990
27023
17008
76984
61087
98687
96155
89585
65524
39242
65482
10532
15184
89021
85380
46165
53315
77098
14395
77664
98051
96490
99558
40377
99015
61449
57277
37610
59777
25807
61447
77165
12503
78195
39499
50586
61441
72612
32808
54155
36894
85286
36877
76864
11217
48469
33496
26658
80158
67211
68004
80759
91443
20522
28661
11671
96688
88769
44015
97952
99344
24693
97726
83299
59365
91635
81253
73333
59190
95888
89929
65930
87113
22843
34686
86846
66764
24590
91612
37461
83356
65823
78531
27708
54258
14086
93585
40871
68321
27264
69767
94642
86980
36852
94096
98867
14184
60054
38643
32884
75729
42342
80640
25379
70903
57388
38227
56964
43924
77212
22964
34830
24739
89499
81407
69305
35757
93188
55648
29058
79978
55260
81671
70561
63645
16864
27408
53394
32924
76226
23504
83036
18735
40965
21537
32480
40445
77085
23617
16847
50415
15577
21297
28654
43304
92990
89590
24756
56660
69753
45083
37475
18410
43395
27128
71157
18720
17171
67371
19873
84595
37281
18493
19030
21104
21519
31492
11942
45402
52869
75244
49277
29058
74622
96816
90013
64538
87566
15828
80092
57031
49255
31307
18477
66837
36432
53602
66236
44925
56603
66313
81345
16774
42392
60471
74594
90789
71223
68985
40927
89881
88328
33495
92960
87109
56319
69915
75668
33423
94651
39743
40328
90613
28512
29892
43207
73209
94011
42140
70975
94009
34831
67254
32987
64680
66097
79812
31637
72489
34621
80103
54203
17577
69769
48552
95721
38809
39892
42329
67645
62777
64753
80546
79054
70591
67277
58892
52294
21213
39865
18064
88361
57771
20184
68407
48185
45291
15044
20511
48864
48913
58241
10460
79944
77659
54814
91154
89755
42758
22568
32272
74256
79792
30089
43599
95747
42748
33803
14856
39201
57240
73258
76226
82793
79139
20547
31196
62235
54974
19002
95068
70751
63640
22153
45167
18177
87928
91608
19044
54663
40009
69595
60025
50421
95582
68804
80973
52760
41558
60014
57322
93936
19054
76707
12065
19271
64462
91707
88772
93148
36864
57060
45291
62224
30029
56421
73099
77798
28625
11397
85155
41337
29131
33007
31268
85167
10695
47181
39600
25589
73621
37606
22421
52053
83171
84792
26422
93706
50521
40426
73406
85592
80714
31660
40021
79334
25163
54170
73660
70839
72776
62790
55095
76906
44824
71516
20104
97342
94962
88160
11735
32005
54657
29499
91828
62806
74444
17213
66646
13244
66604
41358
72428
56234
48424
30310
24030
31886
82467
57746
54972
91696
17331
51105
67480
61150
30785
40182
32714
80719
82036
81309
93443
54301
19879
81229
10656
89702
46625
38130
46677
25992
38208
17291
77979
22553
83531
65915
91623
76180
49456
59524
90587
39582
30719
86767
46113
75760
41632
92355
15363
31508
16799
11292
20454
46857
14792
96844
37741
20487
98400
72972
84443
44369
11837
86103
22231
64955
50954
63855
97752
60739
14117
18240
67674
24938
66149
10750
19452
30518
20270
95630
10697
69455
72691
67782
99526
71324
23415
40314
35992
76909
11790
67552
82359
25598
16140
92422
43624
30981
49034
81480
97061
31242
52546
81549
99881
20530
57209
59783
49635
10161
51818
20015
32703
73940
99149
96614
78901
86501
35884
75317
57961
89026
67058
85289
43108
94960
36598
64843
29106
19873
55371
81570
13402
70708
39223
42711
88045
66055
84052
98640
22861
65124
44559
87973
13010
14161
44499
47808
32635
76879
14011
24747
94107
67841
12485
74839
67503
81671
62510
54171
15361
91365
55568
57265
29667
27289
51079
34603
84164
25493
43212
53627
40017
77034
70199
28569
13591
90847
40364
46069
32018
48724
95706
13895
23189
61161
43309
19430
66836
62690
39224
44284
96609
42806
55916
88013
12773
69696
36137
83543
21981
25299
50813
62946
81886
93038
34339
44285
47556
19028
80058
39975
66995
28687
57319
96736
55583
44579
72081
71260
22753
57156
42797
71749
16511
60840
91675
55041
58582
10384
82548
24611
56448
83454
49591
54712
12002
75938
49985
78108
92227
57314
27597
75580
47087
33677
61663
83679
66104
89596
82196
61708
75787
76975
15957
98800
41165
23457
51005
25821
67649
61710
77947
75151
72638
92440
25554
32834
97301
28347
38255
76199
71922
50525
30840
93552
25227
80718
55077
20051
46245
92458
69493
56401
38951
13949
41805
60037
87841
25265
61315
47805
26825
98527
45919
80405
84432
95629
29079
64059
43952
96436
91322
42343
72291
51530
91594
70797
49769
34074
85023
36879
50065
72905
74769
80256
80467
37753
15168
51246
39668
55518
51769
38081
73152
73503
54720
66094
44669
14069
93839
25025
19185
80572
84274
39183
86669
68753
93837
31059
56889
37428
92492
80092
54300
37455
48161
91277
19744
46366
57795
62360
28417
15081
49073
62849
12588
74845
24214
38984
75116
85644
30044
60360
36103
77772
49594
92697
37534
44381
67450
58161
49692
41323
51377
49296
93950
78005
72878
50593
45203
10415
70088
19754
15282
64102
97057
66744
71645
11744
63176
68320
36742
96566
11218
55413
73483
64928
48789
40804
11751
51412
51294
42591
47319
14706
25321
35959
27388
22999
56911
73969
40145
86119
68569
10256
25155
27240
90923
47321
22316
21293
42895
59224
14002
45587
91277
32235
56222
47522
30447
75317
20218
82440
66382
46819
55895
20781
37127
46307
37095
51968
78849
18742
60260
10260
93601
49342
65196
11574
80518
20880
22739
64982
68448
31803
32162
79503
84973
87436
39259
63999
46700
54942
96553
67030
73718
24815
36400
54169
56033
17623
35573
19024
27373
10378
29869
45214
80448
31762
55837
17378
90257
75842
20230
35174
40552
73140
30722
66146
20237
80531
55892
32997
12045
95902
12693
82902
38957
32997
97810
62795
77893
23510
34280
50335
60291
27590
29474
26921
91533
70982
76492
16509
78239
97004
28942
93555
22827
71213
26558
24442
93088
86894
68619
20973
58484
11459
83518
96712
18514
27252
87523
92042
44997
41053
24641
94061
22726
30580
77324
11499
75732
98150
56875
42134
72725
18267
86531
26877
33070
10177
81153
84358
83221
21540
37581
67939
55526
29652
47505
72862
64575
43589
87270
81502
86245
45550
97980
86545
87526
87009
83267
96933
83506
94210
65199
67304
34473
76999
38953
77732
49795
71963
17195
62503
13842
90669
89790
42817
64915
18398
20612
61239
15371
99336
19649
27393
13521
31006
17734
57419
14714
33548
76312
52965
24982
11940
50937
74384
42807
17642
29214
67724
48029
83210
11179
57669
12927
33716
52172
60121
30197
79268
20584
88065
89153
52519
74670
66415
30637
82455
48962
58986
60957
85811
62863
38568
97545
27384
80162
28048
54883
92757
19454
13716
86957
95301
72237
44100
19198
40869
16820
62013
61464
62808
84377
82470
16411
52779
87981
42530
73018
99780
10644
28635
69034
42351
55566
50722
64768
13775
48582
69128
20943
74097
46255
48184
18674
13868
75264
76273
32544
99706
72411
45206
28962
33914
57291
52871
96461
23862
26317
21407
78579
82789
43813
86000
11321
22886
58715
23414
97404
59885
44051
24938
18004
74026
60262
17382
24327
20495
78648
25012
54587
34057
58916
32988
51480
58641
43054
87201
13574
26266
91696
55102
49871
26298
53884
42216
69191
89106
63159
84843
31965
67002
53427
88919
76592
25481
69262
58210
72198
82683
65985
16257
47874
45248
24284
85031
98721
68684
21694
77330
48144
65387
51072
42324
81591
75613
81699
71977
56534
81620
33040
66748
46382
92047
15131
90151
72268
28708
32187
66016
97094
10255
94246
83101
98066
68686
57073
31075
16419
40676
74109
36782
72769
20759
90093
23663
26901
31937
22853
90505
49230
53871
52806
25798
32089
76785
80682
20423
99074
78378
35155
49378
16592
12111
35052
45196
44550
32490
90682
69476
75370
65938
57033
23636
15519
43935
20889
88452
66356
62542
95478
17184
13044
55393
86298
52169
39198
46785
28374
10442
97356
78175
98026
56024
17124
47043
48443
46941
28773
83966
11477
46984
43528
21074
11145
61266
22005
40546
88670
99586
59318
47848
45323
45986
59270
28853
77381
18740
19923
72638
30812
65413
34046
91088
59935
76152
30348
13790
56704
94413
25403
94633
19909
23966
82824
92513
28855
40318
85651
60616
14006
73133
16508
33533
18353
61634
80887
59826
46030
72018
62822
52956
52474
90078
90637
17982
92593
32430
27864
65019
31150
28204
58446
91197
89135
37724
71393
91735
46577
97856
28493
39127
80542
55995
83022
26006
98720
52623
34075
94847
36974
50501
22806
94798
97945
23520
61246
74164
56339
83877
18754
53773
94772
91776
78780
48300
32404
43805
39509
90671
41356
77097
94785
75725
11927
99778
59751
57680
32223
63931
88268
82545
93763
83702
70667
71952
91453
44752
42441
77169
73762
95968
32980
73228
34809
93768
17771
74811
62856
92792
91594
55062
78837
71001
72506
28204
83610
81720
69868
10224
65799
78701
21405
14419
94273
83585
26842
78882
46072
32591
14966
58306
47189
35919
61637
73567
67313
58464
14464
89895
42535
88649
45878
27240
68589
86558
62541
35874
83464
58326
11605
23481
35484
14634
13882
35403
14985
81065
32373
83212
35725
32200
33428
56728
80465
56707
12118
65298
85839
57211
51346
59569
48640
19987
79401
36796
62133
84570
63941
60955
18173
39501
38873
18989
51579
26061
56638
14514
11484
95746
51543
61588
89046
59221
35573
64883
37100
56370
46341
99216
22377
98400
76662
42238
14734
81381
80929
26184
82541
64138
36236
83202
59361
87130
12799
94909
31397
40750
78897
35262
39878
73467
72438
77512
56887
65123
11131
12734
52552
79894
33431
79725
18615
65569
71748
30514
88090
21237
23022
57212
88228
47785
88628
53278
72441
56153
36942
13242
67693
72200
23664
37848
16929
68882
16792
41128
46352
93395
80956
65515
48432
34203
59642
77583
80017
35031
91825
26340
75016
45027
73941
71886
65886
86475
56751
71683
28212
88802
35137
80432
40498
85045
54172
37389
67437
98832
23648
80574
77781
63473
77277
27617
81849
75798
72362
35302
36036
11999
35923
21505
57776
30963
77622
52016
48443
74041
77425
57683
20504
50256
37361
41130
58422
19151
46553
32439
51368
93248
85258
92947
34466
16594
50760
12576
84597
87403
92126
26767
81610
29456
28437
99918
44016
58571
88905
83552
85403
37464
34461
65097
43995
51473
96336
16123
36682
96817
94400
67470
15047
64232
44462
99637
64183
94082
49127
44714
12307
58527
51933
38556
81920
88484
90231
49446
80298
29376
65835
19040
50597
72377
43570
68621
85806
46860
92172
10554
24352
26902
15369
23031
56668
43354
49679
85714
28135
33745
14514
14686
70461
77124
80008
77855
67874
14510
93102
26143
37005
24977
18449
30744
87422
74322
45976
31653
27659
90052
87557
95443
61362
79718
11159
71551
71441
96804
63727
94673
86677
94779
36750
27386
70488
57277
10999
13277
83778
10144
28616
30053
35710
89103
26887
27440
62785
66365
44423
62763
89044
61149
99574
89953
56151
20331
27578
74327
58372
37983
55376
18253
73833
18769
26367
27846
34317
47485
47790
67313
98707
15474
78838
89660
49070
17227
54366
28185
18749
31047
73406
43181
66238
78570
51883
12990
81455
45119
32767
98210
20542
60214
54998
11581
61765
11928
16650
55435
95092
51293
57473
78762
61280
14400
31136
68015
30133
41905
67958
70377
84386
11828
59104
86130
56970
48000
94952
19163
90290
94628
29026
33158
19455
12388
17560
44307
54207
85430
68721
39575
81580
38390
79962
53109
84507
35604
68030
93594
57406
83681
97448
63143
36930
46170
50687
74630
60166
90217
11995
99285
52610
23094
15759
47163
38613
89875
85209
58564
12090
85119
33862
54197
29412
77129
72281
99336
56292
36385
42097
60411
17123
41313
55492
37941
93425
24750
80814
97372
95415
58834
59166
85532
85519
60225
19158
55889
84400
86534
98684
63274
11329
94330
15205
17737
79345
17702
30017
46309
87225
42069
18065
55197
59621
10698
56102
33220
95548
37731
82226
98758
52356
39902
52745
92855
48815
58042
88014
51414
35113
68953
73149
79026
17315
45425
94847
50363
98261
63787
10478
95807
76075
75828
33636
49511
50490
83469
88901
41959
49597
29967
18989
78611
47295
35784
28517
44303
62618
90937
87530
23390
54436
78479
73488
13018
80394
11464
48017
93701
60910
65235
52952
83286
81983
65037
45072
78439
73717
47190
13670
82808
31552
14710
86734
78974
99515
43330
60932
47966
23589
52672
19239
50144
18576
27053
26127
72920
60512
86180
20522
77209
51587
45883
96418
42783
49395
18402
65389
26475
31098
40668
90037
50300
33286
11207
22763
69464
57727
16181
36716
97505
33455
94374
18479
52668
37821
24357
90162
97401
76934
56704
95570
87747
26240
72727
93074
53029
37296
51451
74025
11058
97671
14451
36911
55799
19788
46669
93824
97443
42733
56168
74046
53073
31494
27327
39879
12288
76876
44114
56878
50855
78359
88104
34756
65978
79573
44223
42664
86989
20093
17776
80157
72907
72423
52390
58171
85192
93422
96049
83530
72426
73992
13032
84812
57107
83305
15775
75543
21396
98430
48911
55738
27610
22724
28680
54795
77022
72371
28680
61795
13385
79486
64971
75959
35242
15840
79979
80446
63690
52427
58849
12644
41955
19095
24684
96639
61889
37223
85941
66680
48542
66483
50243
47781
52120
51022
21713
26283
44207
62133
90842
90343
29816
38007
91789
15687
40014
19904
90115
71938
51576
50644
43696
27109
17767
77330
71584
17994
31670
39993
25179
31234
93103
39612
60917
26656
86276
24724
40220
74141
32595
51311
74733
61992
62296
94061
67506
68118
78833
17812
23202
62391
49421
71005
58513
35771
47360
80978
89384
45213
27114
28284
88784
97312
74437
69725
38751
75097
19011
12863
50235
63709
63340
21017
50289
16913
54950
98385
54367
35036
98993
63460
88086
59128
44938
40105
14558
25720
19882
80806
80492
74826
73554
56261
52613
17285
37733
99542
84227
92641
43549
97752
15215
35270
67794
24599
22195
81810
60724
18984
45792
25166
40001
35131
90430
47127
20604
56493
65475
39875
30671
33012
77582
48375
91127
59064
56150
46395
18498
62668
15567
35309
99550
82128
82291
72158
55218
68056
14919
85439
71199
12302
84619
93055
21145
53439
10471
73232
86421
74235
67717
54644
46089
79646
73941
79121
46438
58466
21631
39597
74473
65633
88309
94508
15208
67089
45444
57142
49428
41709
34245
84365
83627
56056
94517
21408
11114
50988
65116
15813
26824
45799
28565
68649
19457
74381
28883
91253
16066
50771
78362
51939
15035
43270
98549
51447
15079
22180
66988
58423
65960
98251
53674
22427
47227
77024
67781
48133
51619
74711
50646
52966
26867
58904
63840
33029
68590
90490
52354
56930
12281
73572
78823
56383
90405
19045
78721
11637
58509
33741
45843
56625
80676
89459
33738
88966
62878
87213
33749
15960
16596
16867
30081
35143
44125
20115
36277
81115
27272
65188
95971
71324
45407
83545
54107
74709
63928
49285
52839
48261
91786
30903
55579
18592
24311
47099
30301
14324
53888
82037
18850
79031
76689
77542
42973
48349
63861
29938
18671
44272
65990
37605
50696
92784
11633
49921
87686
55996
61925
34468
29835
46163
68912
57829
79932
24461
54009
57501
83758
40877
65538
58247
48535
54825
81414
23057
74755
36283
12331
93056
85067
96714
35673
40432
17778
56027
66214
35449
66442
96655
95492
78526
86409
34842
31436
55544
92527
88489
39333
89700
37512
82060
81010
60225
14299
28996
76636
56164
57059
67498
94464
42812
15919
42049
54256
58342
66845
62123
93455
24523
18594
81767
88456
18001
32631
93290
92065
38867
78907
43016
81995
40119
94056
78819
36469
50592
74463
38251
87500
81209
90777
53716
21848
20206
59229
23633
39007
35312
38901
74141
80419
72009
47545
60940
31263
57276
86023
80784
11753
62909
69791
47233
45495
80332
52819
39894
17388
28409
65273
71546
39312
24658
35779
31700
61623
65633
24801
30518
67503
80470
61519
71107
74249
56168
56351
19694
16748
42961
71853
49225
54466
73894
20016
64292
64375
98079
23751
90870
78310
20887
38511
19080
89964
66480
39202
37663
11909
43730
82163
80544
72838
11519
32551
91421
35872
36075
28921
50043
41014
54688
20343
67153
69689
90994
26163
65705
43623
94403
20319
43254
62531
87401
21122
11217
47468
39855
77943
71460
10980
71738
14980
53842
78111
70376
73953
30344
51458
32646
70637
94534
30953
50286
48494
78628
35840
61915
96462
91425
59615
81303
25636
66037
31517
90881
30621
47412
57948
99909
96447
41821
81507
26227
86577
19147
14493
45466
94601
17726
33531
81621
19088
90156
88948
60804
57557
11978
80902
46384
87677
53014
72790
44373
18581
95302
34026
70558
47635
86214
61561
44434
81755
96442
29736
65974
46308
14247
29506
91751
53482
82276
68781
68085
41030
76578
98620
75942
65547
38104
61217
11970
98206
21413
92396
94282
75647
88533
77510
67803
69491
21312
30358
63897
28282
66870
23855
97594
52316
98411
83222
81787
50985
78315
15277
64901
31576
59287
70068
34601
20699
62864
61445
42513
16141
84367
80434
25546
86398
18942
82108
44719
35464
91590
47605
96577
19202
63498
48563
93411
99575
67574
43343
72363
68051
92165
56657
46158
55588
27429
52696
85014
60046
18732
50745
74131
84710
96729
42276
44886
42209
91025
63669
84482
35072
89887
81304
83984
73136
66546
88062
43097
89307
85060
92916
81428
14888
86182
28208
50278
15314
15733
58487
65454
98066
83105
85913
44941
22202
43935
82508
62597
44844
30943
83300
62003
43020
92051
48839
77116
22342
53247
10068
35362
14753
34611
72617
11371
38384
66550
84839
43632
38303
26770
15919
15182
97611
40480
41510
28406
35767
76606
48476
93072
55639
32853
15863
86662
47626
55082
99858
86553
43090
98577
47774
90419
79848
55002
86318
27974
88001
83486
41260
47756
57893
49843
55854
18684
16843
80260
51967
63964
94875
69943
95745
22188
64796
57548
82886
66671
20067
58194
73075
96596
79880
68695
94300
78735
55819
25720
10107
28307
37379
91701
51148
70178
61726
42295
26928
67641
63136
33889
64603
14957
94018
37992
98692
53631
99527
25886
48610
47927
46840
43446
14925
85440
61182
24256
40443
74037
20611
74927
96640
83527
29341
61380
62058
82516
51963
39116
92385
75091
77506
69718
76577
23948
46066
91834
45771
17221
48205
46621
75115
37212
26407
83823
22891
73635
32338
13307
49780
60836
20541
96609
23526
86104
48707
47692
72201
91265
77390
94721
38715
80916
31267
25313
54251
64124
31836
75011
96482
29398
12485
65222
32028
26219
57334
41323
45332
88389
46151
50914
89700
45332
33244
88421
95917
74208
64761
96393
78592
80294
82954
50137
33529
22950
55812
10069
35728
32515
72200
21627
71532
75754
23343
88497
44066
72053
58883
78521
60973
54927
76721
40966
17624
76264
90852
97467
94791
85654
94980
11159
11477
81730
28589
89073
87265
96158
30124
10942
53589
95512
25277
93720
62314
65967
96991
99921
20242
89247
19900
59570
63288
79795
23723
40485
12741
68258
24435
56335
88158
86270
69796
91435
21966
71801
48073
83811
10595
92299
72006
65948
11800
54245
74259
71911
98703
70405
96163
38659
46002
37086
54282
51090
68566
34218
83608
33099
51304
82724
55481
38334
37474
54853
95749
27803
24794
85654
85056
80091
25012
98390
56565
72095
45458
66864
11539
46106
92777
42729
31320
60527
65042
24870
94590
77675
65463
80320
26935
13788
25131
85219
35371
28932
95627
15029
58325
72193
52736
48427
33159
30708
57633
73767
24326
18789
65260
37628
63166
28621
10973
29583
18953
15209
44213
87400
88397
13454
77377
92414
90825
50398
81254
33012
68209
52010
72183
37578
31985
55726
21631
66179
95537
47279
39073
71937
66522
22562
17412
13361
67421
30357
16964
31721
52702
30895
23823
16509
86513
75793
22827
66217
15871
21483
96442
55579
75018
93760
57319
45003
63569
22211
51786
66914
57177
67939
31591
21777
23684
47041
17559
55167
73242
35046
94791
80825
19051
69501
79971
82045
95885
73495
10511
89847
90892
32062
58741
24166
80784
19809
24562
15050
35033
88348
36220
45192
43494
88214
38434
29740
26858
12982
52047
14905
45988
89904
63306
78612
87506
89802
35802
81400
97011
89106
54536
89784
40305
21401
66267
21152
62136
43822
28569
49593
57231
56552
62946
14761
94819
52164
71316
90352
29961
77473
41197
52612
35221
24176
67752
63069
60399
38589
19222
62702
40772
79311
21996
22137
76716
34251
77013
53219
63911
47335
59979
52221
96705
36503
45974
39555
12443
99462
30301
70185
42303
58619
20998
41216
37166
41168
64231
69240
63297
72427
87333
46458
21206
76408
97597
46451
67662
26535
35420
67678
35909
48793
77325
88574
33571
35072
25395
50861
56143
83971
10587
25400
49437
83007
69114
94747
74527
27375
51534
39567
68425
17373
61311
80811
62030
30147
70105
53872
16010
67739
68426
19817
16912
30899
87851
84443
76107
29909
52581
79386
52546
99514
71352
30221
54145
37068
45620
40327
45345
66757
88931
36847
11571
52576
99708
39688
29479
31835
63459
94566
47032
39247
89846
41798
73343
17284
69496
79681
65039
70277
32197
91925
96061
66562
59556
33780
52048
51491
50693
72355
25547
57000
74736
46681
17697
25468
58686
71638
78818
34002
52028
43318
29359
39549
63282
10650
85749
64530
23381
65446
33338
66992
41429
83295
70721
69999
47255
61957
87979
85877
83218
19905
67806
65698
58841
44594
59136
17597
86513
51669
79981
30909
11078
77614
57308
37689
10848
17471
66877
85714
34243
17508
57745
24821
64698
63157
12758
37121
63684
44429
10698
21877
65988
88290
16698
90124
52354
19373
90498
25720
41763
52119
71027
89099
42240
61937
76532
77113
74818
57673
86561
39337
51436
46359
39572
36813
68483
97739
90297
52528
20294
25815
51858
83652
99176
39251
12583
84981
33587
57152
69921
88759
88306
94271
27592
34797
75766
88423
40607
27194
68509
97528
18043
78626
14508
83760
15766
99090
65599
53363
53392
87035
49372
85003
36588
39910
49152
59318
35010
32974
29350
65331
71779
57335
17476
95602
31676
30497
82499
15828
48209
29687
96103
31804
28435
53094
17321
92573
36956
23723
62477
12921
71789
44975
10773
51194
55570
74258
65319
56511
24837
66396
41016
96334
33130
18515
29158
95704
70487
84684
34615
45185
88936
83775
24495
38669
20985
77406
26456
84479
21421
71792
73118
64082
90707
92854
55536
43309
33776
24181
99485
25184
42578
94054
19428
57756
79260
23973
84297
75783
63200
12662
42360
41868
65425
51713
27452
61661
50839
60076
41261
75521
11042
38251
51269
87269
72858
57391
68662
54479
92419
68885
69733
39689
23988
40560
82242
53147
65845
60867
44587
24840
52676
97112
29678
69031
52752
77082
73891
80822
15998
74865
52222
57525
21922
14874
54656
55232
56565
92764
66866
83085
78009
54425
57322
73169
98018
85437
44045
29641
73141
83424
31909
33618
22840
62321
78502
77876
15134
91302
64080
39100
11769
48617
82377
29156
60728
98430
45396
60043
59750
25857
11359
41374
93683
45921
23029
44062
26551
29491
99410
62404
62239
79940
26291
21784
24568
62963
54213
35039
53244
56978
58891
35889
52067
86158
73111
51364
30265
58630
49470
15773
36741
38572
91036
98631
80828
68808
49782
62157
44409
32582
45784
11281
20953
36347
15917
65458
35149
79301
74634
87989
81200
27434
96206
35599
49838
83684
59077
60583
33861
83400
49810
35620
53079
47281
49779
16558
96488
78006
78284
94990
82137
36062
58701
19478
30680
65986
63059
15436
16270
32562
51709
19354
71987
54160
39484
66813
85551
46867
88296
59491
91435
94698
12178
29285
52662
81336
91084
21259
64737
12807
22714
53619
12590
67914
43752
85169
91909
17282
22155
73347
23255
78460
81017
31043
44528
38434
36169
77374
74717
88764
41920
32937
21939
82933
11711
64027
86726
29793
51228
27269
78920
29832
49177
20436
90310
35136
24474
30083
82776
10832
30550
30907
26681
79523
89573
84807
18735
64601
40713
67143
21026
94253
95208
83533
27298
24565
57022
92026
61342
50391
61701
55692
58702
20601
43858
17326
43197
87209
90056
76344
47392
53938
11387
88897
38157
95355
70656
23949
98285
40473
31561
51598
71055
83940
22217
20155
11241
58142
24968
94403
39880
66883
98952
70661
76738
74460
78104
26618
61318
81307
71180
45304
12810
26709
90638
97781
55058
38631
54360
20110
67661
69330
26031
41281
24297
92927
26698
16025
45786
36365
12182
58814
43998
37688
36285
90704
53528
93144
96289
11216
31143
26665
36515
62152
32376
94306
76709
24639
50360
48060
44659
56294
41233
59496
50772
54343
59636
96587
92124
98454
55885
70190
49751
32194
15929
43712
28481
76802
90242
19347
75621
97750
72524
19407
40954
35092
33800
19636
55732
63526
29713
22952
45971
68577
82178
61857
45405
10888
18147
65586
93831
89729
90532
64167
50418
44408
59193
23319
55231
33597
36585
43588
70403
95797
25539
25959
53507
14445
42850
65833
71386
53173
24026
82133
54625
36085
87864
44755
47613
35278
18112
81878
38151
56467
97804
42848
67380
52802
35534
93561
83655
29692
21586
46513
64311
19733
21329
11254
88853
55595
94062
97084
57170
97408
21148
58887
45313
48877
87542
90484
64714
30248
92219
60389
13242
57769
79552
64322
86675
66374
50008
95171
50283
15704
93203
27498
78094
24887
56620
55554
86258
10610
68460
51558
63716
99148
52152
28266
35474
97582
51369
68958
55057
54561
88714
49177
21637
52033
56310
55831
11131
44847
79217
59779
42551
31385
44774
43652
68777
32857
34280
44384
23302
10210
28228
28054
90919
32642
23289
57709
54124
77832
31186
39262
24798
39229
28363
11432
79608
86464
59420
82406
57845
36819
95195
15572
52083
69395
45317
73294
44915
51317
38806
97485
37546
98033
71382
81190
49985
51189
75107
86569
50637
58875
38603
61954
88582
67571
67643
62879
29434
39940
75201
76258
29148
94580
41096
99780
43526
88497
51445
29348
20078
30206
56412
36519
53775
18112
55413
74547
47912
59601
74682
61864
76055
18136
28798
50929
75297
15776
52181
69036
73003
31497
64961
91101
19335
73530
68868
36336
49486
87427
24488
91272
22657
68189
32924
80638
44526
25749
31531
69060
83434
45167
14076
65030
83129
30160
18727
40481
64065
13771
33551
55172
93684
12335
23028
54913
97175
78963
28815
64020
39628
33221
39448
97167
67831
63518
44938
45496
67878
91830
51575
36313
89047
16174
92972
11494
84114
92616
81360
61284
69068
86930
75563
77007
96504
53121
47530
85134
60513
18665
84166
87615
41478
85303
21738
65036
92487
51491
80296
20614
84725
68484
45104
58745
88789
97417
46878
20468
87954
37869
99189
72189
10403
91108
47791
93329
36692
42029
91642
15584
22690
18951
74860
62845
67011
12571
95370
81009
34424
79546
52994
81308
41896
26110
18624
23020
64201
53530
81482
61824
56415
84765
13115
44514
25471
57224
14548
96967
37888
95047
14229
37811
11284
73238
68137
44838
71221
60771
10918
62181
16249
54982
85409
94206
83983
27602
39731
67324
17498
83983
46043
37813
41939
43454
13552
24706
67627
58595
77563
15782
19572
77245
80625
51413
55375
71796
70010
88577
78450
11502
21840
66897
13160
30551
49361
78525
10390
78129
36126
99134
20022
19752
74662
25493
72356
36366
61698
99239
45542
82026
16125
94285
52222
72709
54277
26160
11684
39278
74292
81755
67823
77643
69520
68168
32381
46205
88745
77616
53581
33699
44618
71563
46018
46108
74805
90979
36524
90479
72026
57912
30837
98391
85825
90908
10931
60980
87251
24557
99080
37684
73909
35966
75705
32217
59952
52453
99576
31823
39910
48570
26891
97386
35141
25793
53898
56342
55730
89572
24072
66426
37777
95671
87215
92558
26509
20802
10044
62048
37926
16564
41876
79411
33282
15657
25394
84350
55957
18639
61281
85488
45040
15424
38019
86175
34204
89465
33466
78163
25046
68553
22224
30711
60421
39413
44329
64626
96226
98322
33680
37235
20888
58386
48536
78616
40403
40164
93825
54528
96555
65919
69186
60732
25888
75740
60487
60560
57104
89428
41762
77285
57697
62598
11712
28278
55831
12189
19231
77676
69132
81256
60167
38732
89561
27999
72572
54506
47289
12079
10033
76157
10154
47400
89818
67937
63279
89591
27912
94447
74353
48199
38554
71353
24345
82326
78110
22347
53086
27012
49530
99553
89468
59066
90516
19058
30685
39731
89231
94305
32988
23486
70578
79355
30291
25492
20887
44292
76187
80846
48091
33081
99170
12532
63529
92519
81849
41561
47074
69425
45769
66721
43506
18347
15657
25018
46940
64317
58584
96866
43735
33432
22064
59862
63443
72802
29641
22000
31678
51546
52357
53557
41510
35614
57995
25008
92051
44774
30748
51286
89615
75313
37667
89500
18210
39869
71864
12231
28865
37065
63503
15223
37996
90444
39649
30179
98553
97267
61724
45818
70729
10167
54562
63186
14461
96176
98568
75180
95679
14628
41557
91409
83202
73741
36895
31893
47455
31800
57896
98492
55027
94475
23229
97172
12282
99957
72487
88468
17353
44453
74833
77678
53843
26033
95515
27260
98890
75589
14341
13390
72746
93969
44686
87455
70578
92951
59305
95030
62745
71811
72918
86982
44848
83820
13395
20746
38948
74489
74127
56546
55452
33201
14733
93716
85249
58682
69175
84476
10734
30376
56926
17667
92878
54600
73060
59030
20984
56821
25659
34921
80234
97283
41285
34403
38912
85364
26315
80366
56578
24152
56027
13543
84568
55228
80629
96431
14699
11354
61603
69161
76402
44870
17613
87102
82135
49081
72155
86622
69984
89667
48018
89543
17946
39294
18867
51150
21153
50375
75947
85439
56397
64772
23401
54200
77039
71572
37102
73205
81111
55135
58658
90176
49608
79524
84497
97183
38764
39701
68827
67181
73203
37901
32894
40812
75419
28041
17293
97732
97193
55081
22658
76094
11845
66601
77192
84640
77938
61520
52329
42509
30793
10212
26033
64072
11981
12390
19655
91550
42273
45486
63277
79167
14859
97239
49063
51363
12605
44626
20959
90952
21949
64557
29491
39641
34812
80972
89053
46703
33881
83127
17894
75113
94469
82005
38041
72669
44185
28297
10722
33679
63926
16242
28768
88618
29948
17300
38430
14688
56810
33864
33921
41414
20921
34208
55937
96808
81998
90949
60566
50277
93828
20119
35120
26492
22848
31431
49327
28267
34604
97405
90327
38781
66862
51002
22857
30088
17495
55435
29261
92685
27314
75769
84941
47692
70677
72704
38977
97563
16784
97982
63573
71833
71816
29792
88745
95032
69666
80834
63530
98438
92321
12879
36783
88754
99508
88606
44965
62285
48696
73712
22850
56793
58473
96592
21904
51854
65385
69088
48400
62118
59860
20574
20454
39731
75479
10552
66167
54206
65533
73889
32131
73025
29937
60874
36112
62748
94100
79976
17045
73486
53449
24408
37013
62516
20177
43250
64878
88249
80025
62796
47942
49930
26113
41171
99966
19845
69855
87688
15587
14110
34056
47316
25938
10620
16375
93305
27776
55775
50849
85831
93254
68052
62508
35611
70762
91527
78868
17544
17856
42101
88294
22189
25910
40631
85356
43538
76366
35941
50819
15365
73397
46069
67783
21568
99113
47461
21977
16720
52121
28860
16619
51510
41689
32287
41088
36569
21291
64881
46190
23848
50567
29137
47496
42839
88771
34544
36252
12571
27951
32674
49083
98828
99183
57198
13771
16720
59588
56498
30957
57705
70374
51484
57034
32850
77627
40455
35540
52778
68720
20788
64439
26073
53972
18158
93823
66258
84174
59915
27150
16639
20718
33753
45309
39325
12411
94886
41825
92624
64497
99286
43900
75712
58120
62693
20878
97909
73362
63953
37559
16603
46376
49247
37296
30846
58182
23179
45975
63696
20330
25398
98127
32275
67120
17924
58005
12205
48444
49517
60007
48846
79641
19749
98575
65233
44266
85128
46939
90095
88446
11600
22216
40707
47724
30309
64185
43180
21840
83923
57612
76134
83212
86094
83152
51429
35294
75273
27237
22641
45662
12193
15073
47277
80380
49436
47475
30833
17232
48304
64606
95859
67437
80715
41601
14779
37218
63303
23261
38465
86666
54971
65278
13002
73003
68735
89443
38875
41392
74356
14545
99030
14805
68737
27044
63771
18460
14871
79550
42965
36074
85945
13329
52667
93264
56559
15957
73082
65808
98478
91751
76089
97279
70959
17989
25034
80904
87341
85449
55234
33199
30677
22881
35397
23988
20496
59177
53237
91008
79951
84574
82078
27105
13003
48061
95812
46535
14612
48502
15624
77541
15920
94941
58999
63651
95905
14711
18503
30747
89819
92066
44491
41814
87905
89762
38072
55316
85833
79905
29241
76620
97531
80383
70716
88484
42919
22475
70411
67669
38011
79366
62754
15128
55103
47364
12424
86253
29372
54818
88741
53523
22577
51191
74071
49395
67055
36796
69031
52475
41952
35725
80009
53227
26311
34725
18481
14990
31084
20009
41717
17322
40128
89813
29231
12000
90389
11166
59669
71626
66527
87702
69385
81571
50703
63770
85145
91557
50918
22195
13287
34674
35309
83326
80207
31750
69260
54897
82415
47320
42862
55146
58187
62789
87323
28774
40367
52073
63910
34587
44993
38357
83354
23940
86389
37870
70185
82073
15845
88111
35963
30539
63168
86348
52367
60147
30918
68204
38057
87324
30444
14293
82103
22345
54425
80760
44366
74591
40791
83774
24410
49755
58801
24199
30318
72723
39327
72055
56228
11219
82364
86507
88237
57407
74853
80367
88071
90158
94723
57723
69375
44583
17317
75730
32094
46809
24427
80140
84064
63161
33253
44423
87840
67308
71533
48881
48348
70584
66651
59530
11148
32307
20132
65503
26194
42346
27415
22725
50765
86498
67022
18318
31554
84426
58521
98224
28491
29450
47394
68859
98641
22165
46690
49793
50506
50305
53367
16686
74975
39050
32584
31612
55789
98042
19173
24476
96441
87599
58876
59083
13448
85783
44107
98526
58246
19174
14941
42249
62368
44204
45095
95692
37176
60595
20815
89299
83617
29606
68538
84905
14795
25251
70579
11908
70736
61052
71266
79181
99926
92258
36253
17555
23717
10305
52874
42378
53192
79287
42879
46902
59203
66838
51732
50133
80421
96979
32450
50624
37563
56110
91522
54040
55226
10124
76591
18890
21483
21150
73641
31172
53914
34858
73421
74528
44159
81230
15769
63347
90852
65001
22226
38698
51388
98192
43396
59617
43998
25775
26897
38032
97425
95800
36840
72777
49035
77307
11106
19751
13629
71773
90363
34777
69177
34107
85456
48204
50580
55779
98356
95437
51010
50342
74444
41407
11846
78683
82648
78401
97945
42749
69623
79726
63847
41727
42986
95731
69714
14921
99328
56696
12878
32421
31165
44822
28108
26058
31210
60995
54834
75239
51146
22615
19771
59690
37118
52243
62529
38423
14421
52102
86758
34572
67777
15965
73139
75300
18100
64499
15677
49999
14715
73529
55262
52033
30241
75603
83440
10643
12204
89126
73218
50705
53863
41403
78913
83516
79748
76177
92039
34256
96777
86715
11272
82569
43935
27367
73148
51213
16839
70040
86943
10581
36590
64347
41264
91482
98678
59577
23625
56162
48662
17151
70742
96940
56255
88586
72240
72054
36858
63379
11444
87888
14220
16925
83068
93650
39645
78999
64488
28192
38483
52565
21816
47918
59013
46192
75371
89386
35567
40777
48900
35519
86671
87456
28146
93217
83206
85825
19255
68803
57837
61040
12884
70254
26146
87084
95329
79483
10636
81766
39303
52604
67542
71861
65773
73638
52149
89952
13220
63727
20273
75409
23444
26151
96833
58833
56818
25284
92557
75238
22445
63489
35649
75111
23579
24069
73300
12345
35553
55822
59423
48004
51677
73316
82539
98323
81632
82609
55557
57243
53298
43477
66017
49315
80483
49649
61322
17611
97862
61314
17490
30351
64725
71346
99537
99288
68782
81210
76579
18658
50700
34932
57163
76651
86185
37268
79275
47047
97009
49960
65267
49418
68839
74918
82579
16640
29364
70042
59471
22301
84780
33486
49817
60140
84959
87528
89066
17798
59390
34031
88205
43094
38970
26964
26724
45809
36722
74794
93633
74763
52763
86785
30666
67507
53581
34913
85470
79300
20770
60993
71072
75948
26065
29030
80477
60124
57599
87722
96083
77047
99217
76862
72698
18209
51779
19634
64702
34251
58273
93595
40172
31284
43899
39105
74641
80559
79444
73867
73119
77664
21843
93058
68198
93599
78165
28704
63863
27416
68501
98499
28473
63998
67773
79319
75547
81327
82447
96912
94847
72700
76290
26366
12749
90447
13260
79198
35654
57637
53255
91812
45457
22830
79248
25811
38007
42518
83255
32691
15419
62531
80232
31931
54590
85300
49504
63873
34559
56931
60817
78200
84308
63147
35229
69264
31930
36816
72748
88271
27685
66456
26843
26426
98661
18184
55762
69489
50272
33949
57006
12508
96759
21055
70783
58829
21859
40006
85580
31935
16668
51352
73667
83713
56026
10122
24877
43422
75900
72019
26701
82013
50272
30908
46989
77813
11989
85171
35409
43068
63848
52024
35477
80083
43986
11179
33390
15502
43517
68301
76754
61285
37618
82817
95078
78559
74656
68882
28137
49524
47279
93722
39140
75418
62418
74504
94630
86165
31995
54272
78056
42689
54841
74253
53109
10065
70417
97553
55849
71858
69126
42195
84451
51509
83109
51861
79230
52505
44612
33016
33883
54739
71498
67587
39025
43271
88491
33417
60233
82705
68397
33524
47962
38841
71170
82795
28378
87773
91481
40291
22083
45704
51688
62889
62625
66874
40426
70284
50895
92541
48895
72014
50946
44711
28263
95173
83130
90062
54222
50170
48926
11470
67824
74116
70666
95086
55935
89082
46584
22243
29680
74105
26492
76330
79128
59993
59703
80255
42907
22192
51526
92118
40826
67149
45635
44756
13523
93747
32169
59703
63738
19110
25821
55810
21544
33378
40950
14504
50171
28973
25799
29695
70821
42614
17593
35819
66687
18003
14885
50700
62277
88339
52075
84589
40171
66648
12190
17356
56200
76941
89007
35465
35167
89408
54905
27380
89040
11795
36981
16936
74775
32570
87308
56466
60516
78105
55507
48933
12838
55301
23605
63444
74144
52528
30271
74747
40344
10073
95600
66056
40379
67510
12938
21212
94238
65078
63608
27520
76309
52085
72424
86174
91847
94098
39459
55257
17791
33198
31833
21360
39620
27641
50456
90032
34962
26782
81377
35599
23064
41532
59163
94056
80885
32431
20404
75322
45959
27402
94592
24717
52579
82657
94209
86430
58927
16917
82580
97188
63168
97413
35704
43840
40313
43895
36058
39211
41296
64076
96709
54797
44950
82783
65939
23513
61085
83747
16314
35996
40345
64531
53842
37962
67287
37672
65787
82644
20423
58264
53374
23690
12792
67383
10240
34208
78103
41184
12150
33049
18573
69112
91449
49749
60666
78362
33397
82180
49199
71390
84868
49452
62935
31606
59804
37179
29567
84383
35370
92526
94093
84568
83292
66737
15357
41327
37249
21646
83045
10514
95692
40250
57124
90715
92220
89034
13254
90822
47380
26201
90913
97819
78237
99565
32579
55524
42697
96843
69978
92835
62479
72104
86743
59648
19239
31530
90557
17156
57958
64556
30493
59582
77263
30487
87863
80612
86477
79641
61431
94226
90048
15169
25277
49923
63561
75972
58110
99354
13395
17654
97195
22258
76156
16722
75447
31504
76921
93743
99117
55560
26375
40495
69980
39371
76583
13492
36409
51313
82684
78234
20851
33058
48913
76726
74754
57001
14711
96549
28852
82961
54278
82754
57282
69943
44231
16062
92232
17926
35334
76718
23545
87874
73456
61010
52876
46032
11775
79272
37752
51930
94786
25500
79881
59143
78224
84986
77496
28918
92466
19388
91523
74510
14035
60838
11212
33308
84173
81269
83213
26021
90654
98078
71402
65835
94671
21351
86347
25878
90972
15396
65329
33290
37697
51231
77807
65448
72858
82408
19018
32218
50647
40599
52103
16177
82910
27557
29118
93831
34621
10098
32769
66717
17466
76633
70783
13168
45161
49409
34224
38687
22563
90449
32226
29509
75460
10023
22028
20320
25653
64904
48586
69965
76291
11128
46352
90548
70421
20167
30245
50974
84278
47736
57990
55261
34700
71518
55133
23918
42221
41234
47792
79904
43543
53420
43511
64408
48888
42510
43760
92537
53443
30015
56224
93492
80150
83782
47400
42781
70818
60981
35441
98932
31673
72316
46384
70972
57588
57201
61781
80355
81529
66378
97712
11169
67638
28785
96921
97968
76096
25532
30123
71150
61325
17289
47359
25030
45706
92443
52601
23766
72263
19738
90547
74958
70662
33140
47370
73047
57177
91413
32207
92239
20982
56936
41737
39147
25980
48481
19173
46850
15618
67500
13162
23781
65378
23192
16770
48468
55953
48675
73680
23529
29232
89953
92047
73397
15909
18292
59806
42037
28912
10224
31764
91323
83260
71960
47565
65162
71736
34109
47738
60062
24981
14632
11118
75430
72967
73368
44884
89595
51609
70916
42476
82913
98996
78928
73644
98468
20975
23130
25869
34920
54395
33467
71315
48937
63882
31713
19623
14293
63766
17392
18720
91781
28654
24403
80445
79005
40333
44523
47358
14380
79964
17967
96781
24475
17910
38619
98387
77250
52082
73635
78242
80007
31099
62592
78005
75501
80690
78226
41564
86762
36978
62349
73640
28750
63920
86457
67625
60482
84596
14972
41440
11512
35754
99544
50606
85038
14367
59654
70813
38640
94180
60185
76037
71830
12013
12060
36668
26671
64543
31905
25706
85643
79825
40132
96598
41987
79990
72696
14005
74235
74018
12200
46526
62125
34658
64743
16378
84250
33210
61827
73283
33585
86497
83209
57414
24504
54270
41725
29036
21838
53245
75794
65849
18017
99541
65990
65589
29520
27951
65885
79528
52732
94033
33680
95438
62633
44772
11578
44780
39286
45969
60872
28102
48942
84775
79629
13094
20497
28840
77667
90116
28477
60229
28546
11157
10647
36951
49583
21170
48331
78615
27324
31276
15639
56505
12534
41941
70386
31681
73809
20988
20639
28076
98469
33257
65280
54058
24562
13423
34501
53260
35167
93400
12116
57717
85830
89328
65471
99429
28335
16340
94434
56235
46164
75546
64911
94777
40912
38640
15274
58085
68375
62771
73519
71088
89873
35284
40808
76197
21334
55734
34822
36387
46240
30728
18567
84241
79742
48468
60937
57031
86072
56674
48102
22125
91324
91360
74381
23733
17916
15165
26610
45248
31639
29068
36440
47081
98156
22928
24249
41295
18115
18201
49266
20799
55339
96477
46567
21404
52387
30902
17259
47245
22459
17613
81798
82499
81382
25942
71683
70489
48770
65769
81577
56857
14194
49671
91893
34887
15011
54830
59942
45398
50968
54532
90938
63128
57621
65930
30714
26179
13617
24745
99751
57574
33222
96281
86329
43564
43037
94580
61930
68127
35243
44099
86004
47009
76891
79049
41216
19171
77558
79215
10672
78894
11890
12367
97028
67201
37386
87131
78672
51490
70012
34436
39253
30538
50443
36225
25878
11188
25983
72534
91205
66256
72619
35406
27694
62627
97028
81752
34075
83620
62578
42949
88141
41696
59250
24228
72957
55671
11406
27726
30626
55205
43802
98491
31415
20983
67692
16844
34363
32219
56283
67749
26697
76055
22732
50805
86960
44959
34077
32663
36255
98660
26884
94147
89091
15706
21635
95000
96445
41051
95180
50545
44010
26165
34981
38606
14566
32182
56932
80599
85245
83954
93793
82944
90456
40219
33529
81170
59936
29157
49589
32874
72153
10987
89098
13639
79755
57413
60559
66659
24344
42773
10595
60589
42927
85508
74102
68368
69545
91569
82021
86755
47733
45731
80315
76909
28371
94609
38236
33963
24157
36494
94965
16427
97811
89283
47970
24390
86008
86945
25993
29351
52675
95102
29481
74937
82853
58970
87138
84731
89109
93047
50147
80195
86180
99843
87939
34403
90434
29424
34774
66875
70098
76331
23059
61531
41258
84745
94260
51448
54678
84010
62080
88316
60225
32025
11973
37035
28752
55248
65188
20900
55206
24206
84218
67744
90696
57447
94433
99973
83022
66699
76421
93922
55093
34498
59892
19885
92233
21187
52962
58737
90460
26454
10573
19596
70719
13017
58716
72319
57258
57871
12945
58150
30240
81726
55421
11293
10389
33720
59463
58905
17257
21457
61438
12604
24695
12201
43855
14745
77471
83973
23288
10914
91745
23933
23031
86783
15986
68345
49753
74055
42882
95277
68143
57415
47139
16515
66961
56894
92252
35127
78228
76442
82597
80619
30998
26788
35572
92426
28195
31147
79921
11009
47531
27103
70073
98262
27078
22674
46971
85732
41088
45079
55743
73061
68176
63218
40338
42866
33757
14611
34071
27387
66619
16135
72414
16316
42662
46341
24170
36207
24068
71086
13381
70507
23173
41234
37314
63976
10021
14340
60454
36435
57645
62065
25101
73493
69454
89023
80582
37656
98982
63033
72099
52604
15226
20458
14475
64168
48192
40607
85047
42398
57136
55247
62034
21858
67881
59418
19639
59445
36006
91029
65572
78554
55476
40552
16853
26634
93382
10086
30705
72444
38896
33934
57483
98559
94761
36666
65420
23703
25469
70469
59126
10401
24222
26789
12517
18369
77992
94785
85215
79710
39786
13029
73123
20304
70347
97286
83153
53065
58220
82265
32124
28805
77234
26630
47882
86185
60672
22176
85914
20849
50263
81821
63873
71009
91129
71785
94885
73030
94792
43852
13564
91889
59854
50696
25802
20765
48458
76131
76230
74432
82507
68177
34952
85733
97344
61360
88519
39688
10185
17068
50540
62752
88872
13052
56241
28471
84029
73113
16113
85801
83286
91233
56859
73277
56825
19838
46857
41668
51311
24490
79881
97790
93053
27237
63496
32019
93017
94960
11577
77105
49872
52924
37985
63414
71669
87434
26741
13070
65535
46802
18083
37068
36183
66748
85190
36230
60099
29342
41831
83386
80525
29770
36836
95812
93920
83868
57462
86414
16345
59421
43769
32322
64254
53581
84795
81989
38410
74962
11336
60699
38252
48399
76969
15459
86484
75713
78713
74256
18930
49584
28499
76641
84680
22984
44052
43598
62486
57091
80839
22925
32224
80605
24861
36921
46276
91972
99769
94362
27626
31659
62725
57047
84332
68037
24574
25729
88922
55655
81932
34845
38959
74433
67413
92475
21310
98085
66197
41654
86426
14965
78030
17687
57596
52207
39848
72569
17381
77501
42657
34209
14539
46269
36174
13094
75840
45006
64499
32334
80550
83558
79259
67953
35724
27361
33385
54461
83294
95030
36091
77992
21505
55872
28149
47422
49242
54112
14195
12196
36382
27369
79168
30578
14047
49003
65615
49051
67977
35482
98037
75362
48946
69317
86883
82621
47806
14694
62855
90614
18726
87643
33495
87962
52919
73815
65876
34678
49395
76853
83672
88545
73689
65574
95316
71347
33348
63840
25576
29903
25466
74822
31190
38179
39484
36867
19043
22225
23397
92846
17836
12314
54568
90958
43403
96356
94822
42002
98636
46675
76899
21555
82888
35705
14970
98032
38981
29343
75085
99165
27425
29754
30042
49693
94579
55812
51619
38738
51437
49963
99998
27613
83523
94284
16416
61358
73469
10558
56982
84936
59994
55406
54031
39960
89344
51340
80850
78385
29246
40853
57440
62419
13366
30904
45246
85575
63903
98965
77476
61793
71058
48657
12671
70904
69905
38799
29864
48648
25506
22932
73689
39840
68454
13483
84054
72830
25862
88500
85522
68400
87644
47661
49445
77417
63395
49401
98251
35146
48528
36814
77411
45916
95063
45470
63572
93047
17470
65686
11873
71361
43933
89795
62392
14164
26879
16412
64716
83873
70944
76874
82337
22747
19387
32481
75133
71062
95567
95596
79724
20966
29890
77696
97135
99834
27515
59401
60211
83161
14501
80816
78868
42135
39226
44348
45577
59627
87911
91762
50352
25946
57269
23521
93099
81768
21662
87426
31890
16796
58520
79722
47166
90799
75027
97061
42218
92417
87071
44701
24067
68431
45259
66163
44263
23567
55612
78794
87178
64609
52388
90573
26553
23816
16860
58674
70279
93152
73424
61452
50564
16868
23310
86924
68715
29470
68311
23799
21174
38661
12148
25630
33857
94189
91375
13496
92534
61756
25685
35927
62735
60564
25126
48189
49567
71623
19305
84110
83766
34247
47273
71644
99259
21186
29442
62791
37690
92907
42560
96097
51771
63503
26021
59709
99254
43430
41573
35589
40402
31633
23086
96239
11765
49522
21646
51383
44125
84558
72866
73111
77895
11295
67374
38173
25114
14251
94350
66651
30455
55585
58983
59289
27984
69891
15430
20538
96356
99517
68629
73215
60531
37944
40789
19769
88508
78734
57230
35217
79197
49262
86949
41511
72895
17998
18038
54172
19677
80046
17800
13277
43285
58233
89681
12474
59703
40725
22844
39940
55389
24137
40544
89356
33932
18314
71330
18480
47039
36395
50147
68350
80750
98681
90235
12554
86388
47990
42145
77967
30885
72788
55234
31477
21476
82375
67654
34135
29161
74693
99289
31746
61684
74781
15259
55587
51415
27888
26148
20683
94418
20714
76662
65207
72495
85036
29834
72648
56313
35422
29432
58823
60007
99894
30795
16198
34576
61316
37771
97858
49964
25025
19025
96265
10509
25620
65843
35893
29557
29966
80638
85836
74294
67499
40406
21081
33223
12286
51894
66958
48700
79362
35797
90266
26025
61386
35493
37561
92937
26514
95125
34200
16349
46960
36306
46297
11233
93834
87789
68233
56533
83271
87422
33731
46638
61698
44529
80922
45980
77225
31590
56721
69106
99005
97752
83862
10268
63440
59701
66646
72387
18437
65199
86169
32218
98164
82184
50288
69875
22397
78079
26595
31262
63165
58396
30266
11148
28418
88814
65001
62152
68618
83614
84640
48728
82915
90212
47082
47162
53040
30673
75193
47281
90001
74623
34306
42563
57940
24593
42594
98145
58584
69431
18691
79304
14877
80975
71403
14252
87569
18608
57570
18707
55178
32324
61841
16124
45284
64312
56707
36727
21464
15415
92145
88858
31113
72418
41553
85289
76245
26185
34707
34944
99231
45000
59246
88933
99988
66325
89944
93632
93525
57810
10846
84386
72123
36661
20215
48436
30389
87280
91300
32630
74573
22785
54975
32587
56841
65392
43894
71603
56746
51712
94655
98348
67111
80757
83217
22434
30112
98568
79284
38331
26662
19066
50369
63813
37606
93497
46408
12950
58025
54752
60531
94534
93761
71626
21492
65986
44813
26292
44193
99825
82606
10917
57855
69462
93966
92951
17699
10234
22717
33248
43014
38762
46831
56554
43543
21876
72716
19358
11984
56565
86176
44120
32412
40092
95448
27181
76316
42680
90381
91152
50368
26030
56420
24941
15630
45319
34327
39290
45462
43901
94357
41767
81953
60421
30863
96063
32843
90141
78886
31020
34206
21296
68674
54401
88882
52571
27030
79335
42477
41615
20066
52369
39937
38198
19799
90537
30700
41343
57545
17976
66968
68547
95933
74494
84153
30745
26061
77851
98361
86838
31321
72119
17399
81369
12147
21832
92116
30679
65502
53945
47719
81369
57915
77335
59293
58318
11054
95469
10489
77315
64346
69586
74409
71916
96033
93510
98522
73897
57079
29104
22509
77916
99875
88310
16645
30156
91359
38817
95543
89216
55203
58643
58459
29104
79859
79746
40160
85867
55659
59018
11124
11858
43768
99282
55811
52313
59794
22866
27131
26924
10682
64527
77282
37179
58083
25489
61627
68868
88926
46166
19240
69137
99357
12603
52318
93819
37978
93122
41055
95395
65915
53525
87907
22630
10817
68747
82935
98907
98665
26702
84335
49055
23813
64350
88431
97855
30957
84303
95206
89902
63778
77377
98708
79250
51334
97510
61973
19083
30857
11264
56050
46281
35820
53729
75510
11637
10274
95809
69439
71166
63462
19642
94487
43565
78093
38940
26414
41224
18961
84819
47687
65689
92946
93480
91198
30551
10208
31228
90476
18763
92981
51149
54319
53207
62176
52206
33389
94842
67144
95914
39449
66909
17873
13806
91326
72488
30743
58943
97176
81872
64175
59390
53951
40179
72864
35010
32486
34484
46449
60158
54084
32229
38024
52019
49293
46562
29238
85537
85344
23136
63394
70505
13460
49983
71243
66775
47110
77748
43329
88854
10257
40738
54596
10501
60274
18311
69852
99095
54486
96008
67876
80107
53669
87136
73330
98676
78510
46825
20372
61424
58046
25756
71736
45871
99723
93015
56362
25361
49521
91027
98833
29286
14243
50032
59268
58017
65207
27339
58789
53756
20240
30547
10338
18204
90694
89665
63334
68362
13013
38465
31178
25558
39092
74151
22368
62971
48950
48709
41518
43936
53535
93685
96255
86617
48293
94984
95246
83676
82161
31882
28866
74371
62345
38185
81251
28964
73973
28753
57343
40153
92925
50346
70799
65587
48297
46131
26305
88741
43220
49282
48007
55670
84981
91109
53091
16896
35966
97341
92146
90006
60416
56187
60968
57731
15419
65006
69570
52987
28100
99136
87135
30799
94881
73006
58757
78080
30194
47436
31067
59697
39429
29136
10903
56925
29807
23422
61812
99967
50321
54702
28267
30616
29682
17493
18288
34519
23253
24911
33602
49785
63176
15108
61345
62898
75451
35568
17077
99014
21003
53450
80968
56192
62392
48463
75340
78213
58626
61116
91554
14559
92107
19416
14981
71800
47728
41863
58711
68413
17096
73949
39148
50059
13743
24628
64856
91690
16483
51069
11388
69044
22798
55309
32667
94259
51101
92345
57119
70556
39960
60376
41781
53649
91888
74938
31380
27237
59110
81771
76743
19338
75055
45937
70416
66697
64581
27894
43428
47225
82792
54043
54393
90053
95131
29485
85202
80500
21133
11420
14737
66992
42867
22226
72833
81783
49694
63692
75725
50876
42362
63116
93842
77954
51287
69790
16484
47340
16636
84773
71801
74759
27130
67860
63316
47423
48204
68533
85697
38227
76457
20739
62727
99184
86450
78739
68560
39585
78548
23866
32396
88260
71681
36999
57792
32422
35217
69252
42108
71781
13011
14308
88490
26602
66729
67120
83946
91452
35843
98523
56097
57834
86305
42057
90792
15170
30101
22710
19504
93044
82380
12028
70667
28362
42888
98150
46486
43722
35719
76285
41552
45185
93813
41154
76200
79472
63571
49414
41420
38432
23870
18801
95882
45470
27404
49049
50113
74011
23538
91913
36265
87365
22225
20324
18061
21459
88301
85196
63937
49798
46574
92863
82047
57909
80997
77761
38499
61515
74746
29189
95181
91094
64326
31385
21283
99805
11830
68189
99184
33704
12745
13240
42339
52280
43621
33028
31759
98116
34006
54890
31527
81430
72047
91718
58837
92241
92197
54533
62961
84761
56813
96818
91164
11391
27892
64876
81912
28696
93920
30189
47137
75936
77340
81210
65691
94617
77656
94886
23257
18483
47728
86088
95717
90443
22005
17488
62882
79443
55451
96301
89235
58693
73041
62410
77850
97638
41059
90870
58897
23175
89044
41594
24776
25905
71684
29664
67070
47720
17470
75522
88248
77950
58026
73997
22180
45807
67673
84509
70474
62283
51501
61583
67620
84581
56146
21634
79219
31270
77069
71261
63224
36387
97988
15391
49378
84590
84935
30986
86267
74818
83436
79911
51372
98842
69331
95258
55477
29618
65495
37824
28790
75067
25182
43575
92017
45667
35947
22050
42203
28525
24496
84996
44857
82488
82759
36119
38799
25039
58895
37821
91887
20182
58591
84879
68114
50583
82617
37122
30349
47640
59259
97715
14109
15621
80956
85870
94239
23525
81945
17686
87224
35636
92337
34307
21378
78941
89900
41445
25230
71066
75124
63317
90231
77975
94220
44525
57767
24680
68227
32823
78301
27424
66076
14016
18993
40572
88811
83499
76154
12914
68270
95093
13654
58160
51798
16953
28677
37233
58403
36763
64896
70635
19799
68057
68128
11024
98466
10182
33309
89833
50166
95889
64427
16973
73660
41529
46971
90555
44674
71955
46878
42796
38098
50649
15899
68892
79905
20112
45453
60476
27569
27692
45225
52925
79527
40963
18215
79206
87792
23024
98800
22206
67296
82709
67529
92921
39303
80646
77293
49962
56966
98360
69476
94990
60017
91588
80819
46244
11256
49484
86793
15545
59384
92610
47164
90099
39152
79825
57069
80822
86886
72677
38553
91839
94743
75220
35348
84401
18863
16876
88259
21329
42728
53133
18032
64532
98482
35856
89607
21903
39423
34938
49368
35685
57722
72117
26102
23027
20318
10664
24859
44995
35544
77789
28407
40346
61341
52168
92628
90179
19946
47040
45335
74674
16730
51152
95171
55370
45963
64253
44254
50259
26121
23242
91054
51477
14865
70235
11920
81083
84600
48914
26050
73420
45332
28053
92238
74477
75037
97637
64875
22535
49001
29412
27481
13433
31091
65353
38698
90967
35478
61214
92106
48986
55329
69254
53754
93082
78101
26639
72138
77714
97578
75245
23435
21903
96443
41409
21243
39872
22930
76369
81208
10427
52032
94100
35606
83143
47044
41472
87111
35272
27251
35327
88554
12674
97809
78768
84741
94064
80015
72406
63724
58611
78758
36050
20039
96215
90856
18416
79652
21876
56284
57980
73012
69738
27082
44737
70481
38480
11860
79178
76477
56614
30506
72633
65043
29394
76555
82823
87642
82525
44628
50187
67513
17844
24592
16102
28424
59409
16511
89393
83505
73088
20507
78293
19757
47167
17450
40838
38949
78062
95778
73380
48085
36163
11170
46880
98181
97711
59015
25809
42267
85359
10925
85654
75581
49352
95001
12364
41661
88470
46103
46578
87113
41463
58630
74556
29487
78782
56704
58250
50855
21411
53311
63923
83340
65526
33585
37708
97590
62415
47657
78889
30397
12334
77702
34190
77862
93079
95511
85559
46041
89727
59780
94168
71093
83906
27341
64554
39206
51798
71045
81978
55565
96365
86599
20906
63849
52340
74083
66604
78504
27298
33272
71066
59661
28730
40753
83572
80561
45849
99656
14597
40441
38860
84823
55167
44140
80114
49437
80401
84658
36067
27831
71412
54718
67782
66478
38686
29956
57025
78975
85621
71934
52942
18363
74472
62449
67490
37134
70098
36352
60681
27937
49931
28093
42651
40175
39213
89611
54459
40548
23738
23191
45034
42622
78930
60891
92552
27019
99912
83836
65800
56414
11255
56958
83526
69780
60997
67242
97187
84939
92034
88412
61503
14294
57478
90409
89194
21544
41643
76112
91570
51888
92633
77087
41429
83034
71980
67798
47361
64409
85772
87771
36074
24776
57376
83382
10295
88331
47646
79053
51498
85062
97851
32309
75246
85285
44381
12444
46437
67171
74486
34585
90847
22880
57305
49925
54892
68777
60574
30403
71798
22400
26804
10653
48345
24182
33975
91954
99895
33554
36587
86185
80764
80273
83805
35737
53188
25927
82611
53993
68442
47961
58003
42091
18374
24640
77462
83833
62754
52675
66689
20736
83834
78227
73488
43565
46749
69593
67302
86818
61603
32063
17417
55483
11143
63480
28753
68524
26782
30117
48697
99431
41734
61446
41392
65245
97078
94782
46937
18541
58699
91824
63120
40959
83144
37612
72993
99289
66962
54114
39353
45563
57996
72092
94389
58729
98872
83737
87805
11637
29212
13857
46888
44938
42714
69466
90562
29824
75401
60346
77125
56562
29302
84702
72059
12879
12537
64412
49076
76447
20551
80451
26378
79454
58606
30365
68793
44864
30136
58322
52476
85404
50660
85382
21046
19428
83281
79374
45757
55940
36614
63616
38615
59953
40110
65428
30961
85473
65512
95070
18968
44353
36961
36852
36537
40213
82952
24462
37303
62095
28598
65606
21768
14944
18927
44944
64681
51478
22485
52048
24082
98011
41493
79205
21576
41095
81549
74412
67767
48057
61864
17023
25268
34923
63722
96066
24315
32383
48159
99342
14987
81677
10997
31470
13615
36194
99916
67087
36053
22191
33981
71234
79467
96579
16515
16678
46346
81896
88616
96520
97654
17443
97264
55554
78982
70650
21911
75943
31429
28418
44606
88323
75446
27701
80566
62263
92492
72960
58709
12601
44221
75115
70361
21468
99482
64601
97646
30601
11216
74113
86662
55955
99339
92592
78992
68812
41255
30267
77057
99640
21350
22740
47633
64107
34811
32802
71487
40055
54087
93705
99979
82876
78720
52288
82554
41760
91739
18397
49275
29206
47838
76665
82070
35227
57448
82207
88357
93002
49987
17559
37795
18610
91125
49135
48565
31705
22563
93168
21135
33684
22901
45410
45529
86765
69245
14988
32161
80644
96454
38446
93980
24384
68548
11614
41796
63216
93440
96404
58940
15751
73150
31757
39512
71514
93279
70497
85825
25459
12624
68404
63888
72170
14890
87381
69905
12803
51639
62930
36381
18676
22019
84894
30736
78317
13069
32396
75388
67221
11609
14953
98868
89402
42744
43853
51529
91646
77318
74896
25318
94443
96842
93922
49053
53900
89358
71055
80038
46041
80087
38427
11495
19053
52209
34179
14104
81672
87262
46875
13043
21076
78414
84282
36829
30857
38088
57746
14780
75796
72743
32546
64872
57833
61527
89177
14211
15035
21023
96625
14830
87405
89556
96206
26094
14283
79035
87028
15575
59408
27019
43055
40572
69683
79348
13006
54167
36460
22376
67465
55900
35543
68156
97924
28595
58760
26240
71109
27191
19396
85738
96376
18235
85129
32495
73587
77379
84643
88808
24969
34131
10605
49736
72537
33865
17423
30298
27717
55887
53984
55198
54628
64453
33913
62505
23966
95581
31307
12215
65524
24199
93984
36159
21825
59846
78701
55195
32207
84056
56020
86744
60788
43963
77820
69548
13757
15857
63452
57516
94567
34785
58251
71668
37780
77333
22231
80806
83980
33603
23748
48925
14316
13576
65025
77898
50434
40209
98025
75388
44327
79983
79955
51935
32750
96423
85956
77370
39714
62315
95862
62069
86361
31195
22555
94918
98661
44146
39411
69208
85494
67345
10723
33435
70693
50019
75924
93487
37729
97167
49705
47805
89008
82203
89868
20402
13814
95870
69127
68860
44855
92882
47114
58698
63446
73941
86238
66917
81708
39602
73294
56995
86734
57143
44227
61430
64312
12315
21014
20152
11949
75681
83597
85056
49542
65907
13474
18628
90510
93284
18698
38626
44318
51557
84641
90034
50523
91426
21702
76317
60735
85394
91914
83725
17671
55929
14966
99305
19422
87712
68894
71022
79596
27528
26927
70611
68875
38075
70830
17982
58026
63567
43486
32156
50490
65439
90245
29595
90142
42431
49026
88622
48113
42303
65683
14228
80621
57209
92654
29236
21559
76798
75302
82154
15460
15400
83494
81922
58767
90380
57476
89921
61839
93587
83532
67043
48868
76317
50296
13808
47465
37820
62760
37690
13198
54542
78647
31192
55829
72319
65839
64360
70528
12857
39459
97892
61402
19770
61758
29060
68398
32720
88969
40059
19708
21278
11284
70232
57434
87449
23858
88204
69060
94902
29570
29743
75136
67070
67255
90209
75409
73484
10932
63617
72549
96386
63425
69944
92063
62407
35058
63785
57161
91028
65775
36111
55724
87085
97495
32573
38825
43686
99195
35573
17144
51354
91582
38730
44286
69843
54096
42308
91391
53642
77054
47476
62127
41316
94734
52600
70382
81871
42228
56712
55428
64798
22181
64023
48642
52887
75014
28401
46693
93546
94075
98754
63885
12175
21106
20212
33584
60138
85434
35893
89046
46269
75902
17977
76384
58509
85797
30619
30180
57494
14621
29098
37872
85170
50564
37115
81902
19631
53261
62244
52942
84701
92885
77869
37144
18742
70514
34476
43515
88128
52036
26075
32155
32083
68320
71351
78271
97630
84998
75211
64895
84165
89274
88675
32400
99083
24813
83003
28886
57085
16965
84463
94871
26470
14100
38056
49679
24758
72330
83059
17350
66132
58818
92991
81290
36518
64181
27690
95010
77442
26340
69851
24011
97573
30577
16133
82393
69733
84410
26476
37736
62181
21218
80104
12333
70022
37957
24092
51690
62461
79859
78091
10127
15612
93283
34534
86162
31322
34317
85620
92169
25434
49570
24452
44810
27583
52703
51140
29641
73174
44442
84650
22166
35788
65715
33129
71138
35054
43370
92522
23877
96525
48998
98385
18603
20587
36668
33644
51346
88634
23781
79038
16875
55581
94008
93570
12062
54494
25797
25411
51937
19215
75773
30032
21718
24412
33255
97217
24232
66576
11569
64985
73211
73767
77735
47439
68938
38936
80105
71744
38142
47961
85656
95886
71541
68555
21377
40674
51735
65319
97344
66853
82531
75167
65818
57397
18561
26115
65361
61047
81909
59442
59900
42204
75975
28645
24299
51614
53645
84606
99853
32516
52998
55621
76087
91300
79812
88290
51351
65416
24323
67263
71206
64613
20204
30643
43470
96103
28204
51262
81809
19401
84451
31828
65607
70682
28212
39122
19756
66978
36727
76925
20799
71987
38777
35992
97008
67088
73400
10822
14889
18556
50981
17842
64335
21203
55747
91098
31512
63395
55852
16235
71881
77694
29343
83408
87558
61330
57579
62007
53018
78311
46956
52847
81449
62842
41275
26961
19491
11900
48539
27756
48584
14273
81853
23404
11953
21536
41349
96810
85515
28163
62556
51296
27166
34657
79755
19758
47525
29420
74162
25357
68499
55968
10030
54681
45853
70365
83196
40417
61719
39738
53904
48209
80711
50972
62719
74982
73536
72335
41452
29464
18409
81705
27148
18874
15701
15676
88141
36695
31645
12993
87635
54837
34778
27728
24408
61801
49681
23160
49698
15277
61544
22487
90012
35109
32321
55157
46801
57707
24232
60780
94313
94914
59831
96762
79406
73814
26791
99387
55260
44174
61957
58723
93395
89364
22414
40865
89751
70490
87344
55354
16018
26518
44314
93199
24463
64730
48748
48409
95231
87996
18975
45624
27241
13549
75694
29441
72860
93765
26499
67643
47288
74313
36848
15963
75337
37716
96181
50543
14473
76005
17941
95491
75700
72013
88254
72809
17139
28607
58415
71043
64777
29383
86377
65531
54039
83663
81752
17558
59323
32167
25296
38519
97720
91157
71608
43961
94382
11668
59630
86152
65835
55062
90677
47971
80653
88550
13491
22941
53257
28449
30644
28967
57100
65516
18354
73414
69133
56531
34578
69918
99012
34987
38410
34221
49881
22303
38711
51330
41297
13444
34493
26675
23261
30666
84254
52699
65255
10007
89531
83485
40427
88103
90195
12472
60356
27729
82171
97627
64341
36542
31915
17650
30032
28737
57094
55279
11404
15841
99390
24809
45058
97641
80631
90516
73332
67901
31912
33604
35675
26194
27436
24064
70260
32326
54579
15780
82324
76879
74545
14818
50080
49282
36544
18420
62427
80639
60192
44030
75156
38797
54543
63142
26524
25990
73409
72409
82235
48268
85884
83982
24418
13296
67256
52874
30884
57926
45680
28912
10902
66272
20921
31668
23575
85707
67259
41858
30777
14378
47378
60325
30983
30842
35634
80363
48030
93881
15135
49444
78856
77782
96402
45335
57206
20286
55569
35872
31815
52114
31296
44894
68264
57093
72148
16029
16129
10906
46389
89397
11010
38079
51058
43287
63290
27559
72280
35602
35295
73283
29811
92390
70600
52076
89717
10342
79510
87150
20800
33138
78115
93740
42224
98473
86329
31901
88462
43067
22786
49521
23657
10965
14575
28632
54608
32684
50556
93539
41066
75048
26596
95532
18245
84987
50874
35936
54181
68698
20955
65057
86129
89120
99623
37438
95766
26783
25410
92483
13607
57275
79091
31677
61348
16789
84786
56573
80627
28776
20990
12141
32010
92028
40102
28037
47554
65139
14237
21270
36227
34881
63857
16654
74834
74781
44619
99237
31708
46365
62237
59135
75356
68429
89741
97735
40490
91062
82973
70559
46388
91810
81978
26865
67519
77106
58920
62599
57167
57212
59306
52806
82131
66610
56300
56173
65352
62165
19116
35979
79015
32387
40599
94780
74760
33749
57699
17185
54851
64356
82809
64970
88683
88234
53022
97650
70886
68688
32692
68944
73256
72478
46999
64639
62865
13907
40450
30294
58062
81555
81022
61454
21532
13629
59898
64589
76289
89766
79796
64402
70010
18992
53646
40302
60750
33068
28857
14568
47184
99442
89487
59578
97953
21264
61095
77498
97148
31455
59955
26669
58526
36662
82574
54668
22153
94237
42175
65139
17717
60232
25523
26777
51163
51535
43180
78482
51366
57464
57851
10425
29659
98049
45343
22925
90244
10749
84110
38294
95798
53196
20680
71246
31761
57450
28996
31188
59424
36703
28979
30422
94983
81892
61018
17298
60425
75681
86491
88380
41662
72544
80975
86309
92799
18768
14897
83289
73711
90112
83328
32861
86494
30504
59264
20102
19855
35796
99015
47339
76710
57351
60449
35149
98850
77214
66585
99164
52547
60050
64747
96542
75642
50288
13121
67669
36360
15265
84553
81282
69058
54120
84958
67727
64202
71356
59695
66290
60500
28392
46541
93901
81548
46987
36650
81631
88014
46480
92682
26802
22808
56107
17506
65691
86529
76084
10115
19184
55220
80227
18705
60228
12932
84163
40262
11666
87945
91797
90566
11516
99584
35000
90689
42963
70293
27529
83713
50031
68162
28513
70191
53879
39872
13603
51049
78626
87435
34555
43201
70210
79841
59601
81906
29504
72803
68469
52305
74120
74155
21238
73553
79127
40249
97629
90768
29241
37428
43838
45914
22637
27119
16251
56034
73103
30669
84670
98023
48126
23281
54493
36367
63625
84533
29278
91511
91859
90373
64828
30938
91589
86302
20126
82123
24059
94382
28450
23292
82221
28449
25381
82069
70896
95113
34049
74871
67400
38818
90090
77688
74527
75390
23639
20071
14123
56387
90490
91474
97537
70173
64831
95217
42874
42130
60558
65478
75791
98719
31443
70276
94155
63905
37768
24187
49572
60907
54510
70211
98169
89126
24698
74288
74261
27126
39894
56338
20727
19644
76812
27521
99978
77522
86466
97971
83095
76242
96468
78565
14362
81288
42904
91417
26573
34508
64060
48736
13134
32667
47460
92931
65596
35498
57118
67340
94254
82392
37982
26944
50481
91979
83336
95611
14755
56953
69658
28628
59412
64776
91826
93547
55878
11512
48404
61220
67927
60721
60245
16990
44042
97907
72995
58987
33099
40851
47179
39411
61716
45064
70651
48329
22243
60359
81202
13468
63648
15651
28607
88827
24434
88355
69452
50815
83102
44184
69254
51793
29642
80347
91614
90242
95598
39033
98661
12341
27175
65507
25923
84160
31277
32091
99342
97369
19125
95131
35418
68771
46816
24376
24995
91268
19594
40305
10440
71466
61987
14003
80686
62990
75404
13590
38737
14248
93246
84986
35222
43851
66616
84888
16606
51318
68889
40776
36111
75998
27462
69330
68150
23148
68733
49368
64350
54453
58822
26280
11589
60034
58575
49630
85479
50176
54830
86966
95844
37013
14433
99605
51177
91643
77029
35244
13983
41555
52921
37646
95187
72714
20026
58163
13868
28640
15433
82712
43383
22790
63647
78837
26517
77188
16945
19417
49698
72798
65412
71262
65521
48752
75658
96366
81529
66401
99900
71017
80164
76513
27610
41693
21414
17546
80909
10205
85252
24146
28635
70795
92695
41763
79626
42790
95480
49176
50093
43716
95327
93610
37122
38136
98151
35787
47636
83387
30363
30837
46335
24749
98594
38899
16044
10024
46507
84421
80075
48500
21972
91900
67732
18114
19302
31454
73808
19815
21694
21470
49744
74421
13308
47040
46470
88006
86673
61735
65788
79590
74611
13830
83617
80100
40956
78316
12226
90586
65269
94884
35925
29231
89818
73835
60920
52453
59964
75817
33004
69578
31016
91606
19063
83616
38938
76890
74688
48071
39133
25079
20392
93504
23940
60482
96473
56440
72028
68791
99841
32040
69505
77856
36742
69676
23350
81694
46370
15904
48074
80889
90800
55435
22870
54542
44810
78191
28890
86322
94391
35837
34832
33193
59381
48473
77378
19606
47235
51295
66239
63967
63384
85628
75365
34254
56242
69098
81909
46541
87393
39995
74215
89370
16517
38082
91901
80172
76622
66883
83379
59804
96542
25971
25745
35014
39296
37640
94068
59136
31744
61761
10457
85009
65629
94475
46646
18511
16060
65466
76964
47037
77084
45796
89591
72529
66810
73105
94724
15302
61538
98449
30264
57833
63920
96051
34517
73487
63780
80404
23674
62363
41321
47708
48539
99334
93217
12853
87316
67900
65744
73367
11149
83377
79133
53596
93515
42479
52716
40756
84102
61165
47374
12472
73562
16833
18189
22999
51822
96525
81189
49621
70798
18122
16842
15205
10800
91743
75646
43826
40934
72200
93107
58223
38181
20078
75636
78480
54688
54470
61012
61459
39270
42604
72353
78226
52955
83923
47526
11919
31660
82787
11699
39737
13464
83633
97640
37672
90886
87256
78837
25314
51401
62299
59602
59496
25825
19230
35953
78633
58830
24966
17049
54541
89701
56302
81083
10068
27888
53857
45460
23777
21828
16443
56899
82471
35382
93845
90488
61840
72032
40190
26974
37576
18735
89419
80755
35932
84693
25499
53292
68789
11158
32858
63019
56683
16245
42069
45820
39105
29969
22986
76999
87139
97233
72574
33056
44758
87803
86167
13125
30893
10958
91024
25318
99470
13722
62713
58083
91173
72315
45506
27739
97151
99720
51364
16255
34549
25933
22696
21629
18808
40603
62991
40085
34473
88617
83939
34070
34872
51107
46166
44590
69602
50497
41426
47770
77665
85500
87725
34592
42024
31122
98702
79429
38373
91842
52623
52104
78296
12369
79036
61943
78151
65211
38869
27051
22132
42203
17285
37064
39255
60060
42332
54288
24333
49847
91713
62138
43828
53094
69394
36108
65344
25142
74801
63786
33702
51419
14633
74996
61351
98827
10051
68129
42112
88264
14135
32646
56114
74171
81256
16403
27253
16173
14203
98434
10836
53081
82031
40851
55163
77018
17375
99198
33708
95179
73004
27439
65204
45867
95896
51546
18228
32145
71965
24412
71782
35644
14308
57512
26986
95902
82657
58044
40126
89332
51927
58899
63344
11123
39745
44432
91687
88206
64641
54785
41599
34519
42662
67503
85989
80468
18009
29981
79881
77164
69976
89874
61738
83204
61027
93626
48723
64556
71937
35207
53205
75074
55599
54046
52410
28514
67649
28163
44728
92314
83896
79202
94090
11277
88234
49376
45341
26676
49596
72248
45027
19560
64690
49290
72419
68019
84047
14796
10709
64857
71052
22780
67295
93055
89609
91872
84863
84434
54533
42547
31160
15563
47309
58457
97675
34517
95568
30228
33956
32724
63945
88142
92631
66866
75479
90150
58518
52810
89858
89566
87131
43156
73629
21015
43655
84900
33246
11173
31271
64483
67950
65810
20693
70432
55862
75152
91140
48117
22542
65226
76748
43661
70108
97957
77131
99489
92927
74408
54326
96137
62211
66603
74054
30390
74727
43423
25759
82795
16973
61600
96416
47179
82313
79082
95605
98061
19476
62716
64722
54806
32833
60696
77962
40382
50827
23438
28797
77809
53078
28521
95581
10720
95932
82334
66720
66927
63459
91275
30599
95838
94316
89056
56383
46979
13670
58484
91950
38935
58860
94476
58767
87966
59153
79353
75943
60545
30708
98649
74836
98054
12120
66463
95751
94427
12863
64917
73295
40112
82431
97996
86870
92885
96525
26796
58262
88243
22528
84373
98356
39416
55799
90355
35819
63155
41481
72744
21679
15760
86110
86551
29502
25138
11859
21446
39831
42458
75779
74022
39611
68502
23269
42919
84201
58943
98240
25699
40352
79686
43674
62881
14399
75772
71377
88845
51066
50512
89844
27826
47732
65346
82290
22254
71416
28610
63143
56573
77535
95517
31767
78406
25685
29379
20666
18235
48724
23606
55482
36007
43242
13504
88415
53746
90390
32511
13298
83941
21334
24266
72357
74446
11354
72048
55122
51846
38937
43576
93477
92362
49934
29575
86734
56223
41686
49983
44208
74983
84333
87581
63467
40264
58790
76262
41102
99660
61159
95728
50687
42678
93835
54917
81266
97532
37712
63612
91316
69003
17521
74135
93119
58743
40401
76631
50192
54190
40048
85749
97197
30401
49637
52881
92738
30433
48549
58837
10533
14685
63481
58033
79487
48257
63999
37263
56998
14348
28325
93182
30845
48571
28464
76303
96355
61320
89197
56315
49078
82595
33327
90222
68972
94526
84435
66126
17625
91561
63202
67425
70905
95060
45475
12654
14559
95187
94956
27093
41031
52123
20518
89011
81027
80704
42179
48946
78291
40533
94773
99727
84100
98393
23937
77644
24056
65936
42614
18645
73714
79005
33530
11251
54156
13984
97522
38976
83500
42882
34546
54651
89851
19371
24182
49609
45481
33355
19458
44861
22305
65983
98235
61060
74087
66799
32767
18591
79459
79050
30481
88431
93341
62024
66381
44086
59698
34117
71156
38409
76730
93837
49529
56010
41132
18475
74736
45815
47948
61220
89312
88687
14119
82373
79190
27330
98132
72569
78992
96616
48119
54538
26742
96276
99706
62834
17942
40544
43359
80360
13450
94830
14131
78521
84955
81088
49785
43859
44182
16075
72492
30426
90645
52901
70067
58949
52304
10168
36369
23871
97171
27204
97394
86816
69158
94058
91519
82203
80628
67243
93597
41473
24335
34361
67414
34704
71757
58978
88824
48437
54201
68440
60971
88216
82466
54646
17146
27875
41428
11678
29834
89199
18207
12331
26649
79663
13772
19903
37847
91431
84758
20651
71507
12905
78955
14166
35542
98134
32292
10915
55149
14373
65266
53815
29869
57592
26059
80274
77315
25190
81129
26185
88865
69815
56551
89293
64709
50335
42166
99014
45639
31721
93036
55191
49875
23658
18433
52218
13966
14488
88284
42033
49003
68335
10204
46047
38765
86836
25924
16217
34675
20243
41392
16179
72388
75517
29093
77871
90830
37644
54986
31062
32201
93854
66618
80314
39842
13081
13175
57741
83037
11990
75833
64649
52226
17188
51690
25928
53104
14931
35554
57767
68854
89270
77493
72799
30901
76258
23343
81594
83187
57390
92331
86098
89608
45764
21938
19044
14403
27117
14825
27899
17490
39038
96998
76235
68866
84700
37667
91326
61322
35826
19619
18956
11297
50401
69442
30161
76505
45553
53343
30775
11740
21434
33493
80771
63669
97324
20653
85149
44063
51557
95454
18567
51108
34071
73910
75249
20354
93840
93982
47974
54123
50084
52879
57679
26213
99156
43782
60818
77233
87306
16389
42947
47074
17822
71759
77911
26693
53218
61504
78333
59760
92436
61007
98566
88545
61166
73635
49285
43049
68818
91251
46878
46967
49945
43131
45139
26163
97689
28046
46252
55089
29155
71175
34713
78600
32239
81093
52569
15963
33397
52251
15970
48709
54230
35995
90611
47298
80306
44650
18449
32441
47767
85894
24112
10179
88288
18294
93216
89211
99751
74235
64492
72406
47963
31945
16076
27323
91956
85856
24340
16459
40919
68053
32370
93600
78848
91355
16305
49472
15843
96996
53534
10089
56775
63496
99461
28773
83598
10707
10786
51479
99427
76986
50308
43981
13114
11244
62012
88671
71982
71370
15834
34670
62935
50607
44098
96792
96257
57606
74839
84335
22719
92714
20773
52391
47696
74793
22460
90497
38384
53387
76017
17731
56237
80439
54990
26333
68920
27082
52419
11588
22166
98584
90940
89296
29821
27812
34939
87322
94156
57166
33379
76935
41318
98970
42274
61763
96658
74628
26671
66999
53689
59759
37480
72050
37703
47499
70808
40588
74906
36542
50572
47893
29297
75714
79307
66103
93435
97085
64551
31618
72426
35058
27762
69319
84236
76372
68841
11928
13563
64289
22414
83273
14476
31071
63666
82200
13811
53779
32549
88582
75448
42976
69931
96024
76963
93656
97673
27094
52349
12836
31330
95325
38100
67332
54882
63454
13549
67787
36578
60425
34906
66283
75256
77512
33799
39830
54224
30663
67768
70207
93314
65574
83801
90901
32063
37535
62602
81036
15225
82562
25616
12127
72606
12066
11047
67615
88267
39311
19228
47775
85164
74882
60434
61728
65913
50841
48028
54627
21775
48581
50758
31922
89738
97939
77003
39885
64916
11588
53439
24789
33202
97878
62271
59580
88081
77454
71612
91387
96611
19263
19616
33207
53438
34972
31402
89152
17030
79176
91584
82344
20755
19687
41772
37272
34484
18098
17239
67735
69367
52120
71854
71359
33632
81783
60204
67980
68241
29061
86571
30320
56515
98388
51356
58263
77157
84665
77422
73508
62972
95109
33492
36690
39465
47959
99480
56306
63796
28217
71919
58223
84532
49982
49310
23803
10863
15993
72490
79932
96182
57442
71312
29486
56105
88423
40568
18575
86332
87957
93554
78665
47144
55270
13301
68526
64529
70563
50825
59545
96834
66305
33263
60286
39817
11431
12775
16855
20873
54571
41892
30027
76580
62367
66336
43268
21537
93922
81181
94432
60968
25949
25570
55831
24535
99744
41761
94003
22492
66050
18370
17857
80570
28551
27804
24712
13102
24626
34593
22784
32872
53099
18305
19870
48792
99330
12403
19271
85494
76425
56496
52674
52986
81205
31969
28109
31664
50234
91623
23553
74306
21619
56605
78037
64836
95009
96250
90174
79395
23011
81363
70672
65266
28270
14221
71248
22751
77007
87214
14585
69239
87544
20052
31120
76780
97880
80694
72909
21098
65904
34248
79374
21036
41027
41889
13139
58935
65773
79578
92204
20033
65858
37533
21526
89896
98841
56083
22239
48106
91635
89817
33359
36426
37157
71258
88533
23521
15250
24128
84144
11970
22522
98628
79431
67695
65251
68671
87181
99851
26017
77241
64232
80494
57307
27322
82565
45894
72557
72252
73745
92180
87847
12320
20123
78503
66058
35968
46907
74080
21864
63512
13646
56491
99555
37824
91887
70435
51891
52241
57628
79551
92109
49599
92472
42353
58369
70792
89624
19134
57782
88841
58351
64903
54305
66605
35694
86899
65406
47463
78821
98756
36849
93353
15562
93907
93827
56177
36705
49849
73193
74277
79685
21470
38952
74160
73269
45522
86372
38492
86829
11413
27235
42692
12319
52239
55780
25518
86478
93223
89034
67900
40730
20350
59145
99143
45956
79592
73516
68111
87714
35062
38486
52982
82118
64197
88702
50527
20195
17155
79005
14633
35184
64493
43565
94825
20286
73763
17670
49488
14776
58288
86800
14391
59568
84402
33140
65675
33504
59024
26859
22998
54191
58810
37045
51154
52347
88565
49956
60085
17319
91001
57395
13781
91793
38644
46680
39590
85729
81153
16005
14881
13937
45402
59534
25375
49856
51259
52970
64834
76682
20927
33093
12687
77359
42488
91584
40587
31929
48977
94977
34163
10164
47786
84677
84255
60537
50769
37473
17398
60739
96278
50698
78636
90323
30827
90703
58903
22172
45873
55992
69894
32755
12932
11022
81874
93045
36051
50390
82424
33746
97801
51543
28778
50398
22188
90926
67842
81967
18618
93521
81497
30630
83514
65526
90962
55028
94669
72389
15644
58922
82790
24378
97897
78135
65065
83840
45940
97869
58464
51760
56998
35845
52146
64170
67048
64054
53130
46542
36991
26740
11212
54627
84608
14454
74895
84847
25992
57745
94097
34781
36682
11226
52299
21179
78463
57925
61275
23315
20376
52032
88450
10010
86298
48582
67665
29993
34087
66317
15429
98205
17759
67011
54927
83380
42515
13571
18507
85111
39043
85853
64346
41306
93517
98474
13940
96955
66413
93414
21416
61144
80984
86119
78958
94047
69084
70392
98852
28321
33570
10503
50072
64497
99463
70298
24990
26090
40571
33084
70872
42159
90216
86376
18534
36091
15754
87578
66765
69841
39566
57931
75622
87477
57105
52687
67075
60287
89892
61361
75189
29057
72195
69583
47429
98182
13055
73941
55051
26662
76467
58873
67453
58635
10046
42452
95769
58725
72848
10567
27779
76509
17556
40938
58494
76317
81780
53387
85365
67025
55164
74924
58825
51337
88587
59306
33165
23888
96710
80675
43576
29749
35807
79366
71746
26496
38850
49995
27872
23602
25206
13636
85354
70668
16722
15028
77828
24128
75788
58529
67330
63011
24111
31065
67098
72017
79526
55140
61416
17949
61711
43112
14540
35741
87998
42238
57986
77978
56337
64943
95032
94528
35032
73082
82285
47409
73955
14814
35015
31957
36777
15996
41026
62374
37428
11092
49774
45936
39449
85409
13193
13703
94026
81271
78761
58262
86980
60583
79056
67270
99127
31415
21968
45657
56856
20044
81140
30970
59996
36642
56125
26277
59578
59871
95906
96201
46342
34453
83039
63844
76233
28893
72228
49886
39847
99253
18174
25123
49727
27433
38467
80609
32064
90429
94207
80038
44367
66430
68025
90343
48055
96842
71581
21113
74083
25993
57781
77129
69548
92618
19738
47192
86809
23759
18351
25518
69248
18529
95715
82382
97244
30490
47159
38633
56833
16762
40751
39311
56777
40693
70565
79414
88963
37060
59814
29598
17883
21520
37957
88334
69810
80802
88181
79082
53016
94615
70640
79242
13197
89562
10664
45028
21428
84111
81954
57399
48134
79327
10958
98739
73176
27261
32851
39337
81101
94174
70443
62331
99191
18685
82622
81682
23707
84783
10879
74187
24321
40431
10342
63747
61017
53864
81684
14227
16983
17325
33471
30881
56135
89031
11220
47179
34130
35712
62674
92476
25684
69470
56557
55567
78559
22082
31295
56696
22215
12845
14585
45813
52931
15678
72801
46931
51164
33614
26768
31570
90448
26568
85615
92718
81178
89129
70222
44141
81865
96949
56002
28093
79637
57552
74749
16582
67018
79037
17663
16952
98250
71234
21446
51009
35087
42090
59480
50509
85512
61642
47392
48269
49772
75116
65181
48334
20936
67507
74388
60736
72926
80035
67177
49481
49241
18926
85323
92491
77422
98859
13642
35710
12731
21689
74838
17363
66698
40669
43423
62525
89653
41886
92518
16360
11007
42026
45158
17903
35461
83893
89213
39057
60672
65667
60392
10424
29450
43120
92750
62023
50247
76505
11065
30192
98503
87756
62554
92025
44768
92168
65555
32401
19153
19988
72364
37053
82996
54581
76300
19582
47981
84847
58414
61816
15663
47603
29643
28079
37419
87894
40872
62268
10587
11728
20986
60966
90466
81949
82878
13199
61104
33517
57239
23297
14842
33648
23762
61380
66538
72664
37043
78175
93028
75989
47016
26379
25221
60708
67857
73025
38214
20773
70035
37317
60167
49882
30453
54877
76880
64670
56142
20603
32370
85491
14471
85379
35909
46534
86405
93188
46620
22965
52701
18624
49401
90102
93869
93437
34119
98353
38590
43965
80098
17107
12512
29763
98392
96947
47225
11687
39457
82746
86295
31826
68316
98740
35997
75734
11213
43023
23135
48685
33788
33240
74653
62106
95693
31330
44642
40221
68637
94559
10159
71979
32292
63562
42726
64576
75579
51692
55326
96723
88333
40267
82977
64240
16050
80515
63936
70915
81670
94909
28887
40040
72733
21029
14048
24054
40534
32442
30944
13975
56636
53851
60606
89249
89975
60827
60524
14802
92896
28102
51213
28149
39209
16307
97901
80931
10872
13822
66895
87509
10245
67101
24546
72835
14371
54071
39656
86311
90916
54431
69041
56091
89268
60880
19480
29449
91352
36263
31773
64340
88776
19055
66508
44244
53822
37915
70783
36701
51862
11075
75174
10583
19642
53486
88500
12750
29822
12517
43707
98819
66084
44090
91401
62146
10828
12003
66086
24396
57362
42355
15648
21582
88294
40099
64062
86471
81022
88848
10748
70955
88555
15547
14268
84440
30322
46048
68764
79644
87013
68624
85489
24622
60008
54312
59950
19468
90426
80300
27592
76444
67434
17220
67260
71038
46400
96017
32322
82468
57038
49558
84223
90880
18937
18723
73936
78589
67744
55985
63626
14572
14440
94250
83034
33312
16132
63277
87923
79127
91891
29254
18670
74690
11819
91155
35362
57193
91472
88427
46483
12340
73364
47597
36422
43051
53918
76759
16688
57006
26305
32853
55990
67974
73132
75764
18232
92940
31898
98925
41093
17194
42925
38392
77528
97973
71770
86002
44021
83837
70088
79513
68748
24510
56320
87513
13210
36168
93378
97847
93807
94528
45797
36406
98301
30419
61491
26332
47676
78288
54205
83329
60219
98681
85145
34849
58404
99508
20877
83600
27844
79779
35523
28601
90908
96953
91325
96248
81780
47177
86806
69533
99510
76569
50623
14719
35062
84410
77641
83280
51423
74508
54936
74486
72244
12453
40340
36490
10997
50554
47875
67086
88508
31534
34280
87558
91771
15141
41934
98364
33776
43870
39468
91564
88750
91927
11465
15966
88792
98962
83070
75547
73820
88074
71858
53597
99372
23299
61690
43894
31921
80211
43649
32494
65397
16491
66952
67826
71371
16198
72728
32775
91910
76118
25419
28291
23338
16784
98331
49611
99778
46477
58530
65610
64798
96045
38160
60249
10711
34062
58420
34663
45210
20266
69013
66569
92564
92914
94103
23191
85483
16726
27442
98651
61232
46573
42255
57363
54579
25007
23300
83597
45562
35040
70840
10668
81330
29615
60119
53335
12127
69519
23014
59264
58130
73545
85422
35345
77335
35098
55669
83474
36140
64731
78258
50883
71171
69258
10772
41260
91781
12807
68175
78081
68971
11491
20266
28498
18213
78526
16587
48926
49930
56510
67656
85880
15766
27651
31950
46413
18335
40598
73833
62981
19735
73045
90847
39897
42789
81466
25887
84820
40456
82415
81436
80697
17627
17470
19728
86200
67877
68585
33075
22104
84185
87863
80967
17187
25684
79802
11455
24743
35163
55701
55851
77053
36692
63345
10761
77488
86593
11731
28849
24199
94560
29182
83679
55056
13424
75082
90602
81473
19301
79320
84380
36885
51223
15256
91189
76953
95950
10554
95713
97605
78246
65124
15089
12744
95581
76872
47594
64581
69899
70114
94540
36174
91111
43672
83213
61652
22908
71322
98624
31393
78444
24934
73159
75827
75669
62990
82848
24311
23561
70879
29486
87412
87186
34223
24276
97820
46502
30178
45518
56388
54336
14743
10897
38847
52939
75556
62454
67907
15069
35465
19522
91473
36976
38235
96718
62927
75621
87261
59901
25807
36094
81586
78518
21640
78100
19075
65816
27174
59446
94910
34867
61244
62355
25196
71101
28004
66213
27246
66065
29113
93742
80773
59650
63045
37094
65099
41742
68281
20177
64153
13614
68899
97582
32395
25363
98078
74034
61768
74370
74716
58337
74998
53462
99320
79256
98529
77456
37404
17307
56769
70130
59857
43198
32031
74902
65162
66186
54646
82891
11829
90658
67465
96701
57788
95030
66926
26606
48455
95165
94160
53560
69484
44599
62233
80833
50020
82760
32407
22163
71254
67184
55735
78938
60086
53138
31821
39160
24575
86513
23682
40126
28052
90661
14029
30893
21003
57804
50449
29962
57867
48660
54957
65775
29611
73767
55666
76171
76401
49716
46362
41379
43450
88892
11353
27867
59945
93138
36428
99743
89891
71982
69466
83477
19659
22878
89636
65058
55187
12904
89779
86842
80166
47961
20020
58949
82257
49139
68774
43870
25901
51293
82807
33765
27682
94351
99594
92416
74132
84481
57464
34239
64509
49398
85517
24297
79869
67184
10481
43801
81059
73157
92360
52130
95231
24093
21114
61616
71143
45407
18438
19937
74461
91345
60989
41602
90808
82558
49233
61988
36529
65503
59311
54808
67937
42079
21181
12159
56488
63270
15419
96581
35570
89576
16907
38165
73441
87847
29335
67100
25352
59229
27729
74561
51666
31050
73284
63254
84311
22124
19608
34355
90402
74679
60881
82997
34646
77626
60254
94066
14610
43803
19962
39458
86465
81473
28316
27784
50515
48083
61373
54286
75099
17549
85621
86237
34813
79058
91903
32312
52277
82174
88809
84876
80151
55421
75404
21231
49939
68343
57170
54925
35795
85881
54528
86184
22197
38097
85688
25195
83883
97531
64998
72326
88613
53267
64673
60716
52745
41607
13471
66986
17546
42961
85003
77704
99819
32346
78611
63142
43660
68227
84260
77139
73420
88980
83432
86112
54422
18579
90206
17751
76273
39081
91108
44026
91571
12733
94154
65040
10984
98833
34659
64632
24235
94575
40559
66187
80454
77078
60717
71598
12056
86470
79858
64427
23997
65103
28239
99199
55225
56744
53504
57822
40764
15071
62329
41805
89784
99486
89079
95430
97489
90447
66710
88270
95110
12229
38602
39648
42890
64976
46460
40219
76139
51901
29438
81175
98491
37720
90134
77159
16370
42526
93674
72504
59501
52302
23933
11605
66807
45790
61709
55843
67567
82365
11076
98188
66814
28673
88855
46795
18808
84822
36649
74851
44958
99586
55069
27246
13122
48290
16882
34399
23214
98371
41987
47009
59795
19663
29099
45506
54126
44239
15559
30946
58947
69444
91419
68726
57360
84507
28046
25724
83855
64391
46251
48364
56847
75676
44182
99284
35762
15720
45101
81841
87046
89975
63214
87392
75818
85096
64185
48198
52854
80738
69020
84969
77886
81097
59951
42895
55019
38391
99288
68690
63404
35359
26620
88425
73613
43994
64086
72583
82565
37555
18414
67273
58447
97583
65997
14804
15950
96042
79266
44400
51269
43680
66144
16552
22787
63370
50936
33987
60616
24815
60671
30627
89545
23422
93689
57112
25518
91968
35150
91361
46483
61495
35543
90380
48274
10379
23173
39557
95136
57650
26640
30700
50832
67148
39185
60970
99828
90709
77080
70760
77251
92595
27819
38659
52418
97192
13498
27599
42510
24254
47675
20588
20943
74579
99562
90125
16025
80318
33221
57333
32763
94997
20925
39158
51441
19346
24789
