265
965
642
276
299
714
921
839
381
193
457
694
892
960
267
807
795
148
432
595
231
395
748
619
996
429
426
376
208
525
624
305
822
357
536
136
944
472
418
675
791
245
919
733
281
669
260
965
801
649
309
136
695
130
189
218
843
824
626
136
537
539
877
427
196
425
363
775
974
813
779
899
944
967
393
347
751
268
569
687
261
271
935
670
259
740
267
926
186
169
231
629
827
978
101
135
650
177
310
450
845
144
408
735
735
651
527
387
909
945
917
115
304
173
166
918
947
591
329
102
192
238
748
589
230
561
873
994
811
899
877
723
463
966
941
785
975
948
221
665
852
286
621
222
958
841
673
351
451
806
239
453
886
709
555
896
145
500
243
144
268
100
500
146
273
735
773
676
715
508
777
484
337
152
710
656
202
580
408
347
459
486
907
194
753
969
562
379
344
774
187
728
816
776
604
597
332
862
997
376
534
506
874
837
584
885
249
824
371
533
133
966
676
798
689
439
152
222
168
636
625
965
188
316
400
191
686
805
778
487
253
231
739
648
882
322
719
318
200
454
729
209
900
480
642
506
417
739
152
496
108
487
247
845
620
796
108
761
307
524
321
441
444
351
557
395
550
985
234
762
368
145
970
814
940
374
388
486
647
850
700
142
784
211
761
577
712
197
722
871
296
564
841
720
680
644
906
925
996
414
247
244
832
570
276
701
208
456
497
677
898
731
406
195
670
177
414
429
687
792
847
538
429
621
398
884
915
746
902
164
390
455
191
436
918
349
974
388
261
437
730
522
615
417
383
164
602
984
700
745
968
815
202
746
459
615
749
938
900
165
527
104
828
606
649
137
209
905
422
794
471
418
980
965
497
246
844
886
722
553
257
723
507
528
348
125
307
458
237
958
589
547
107
812
272
361
428
600
866
661
682
116
147
625
729
634
287
424
632
763
749
791
645
320
359
418
744
640
256
566
305
279
818
521
561
630
682
274
654
318
133
321
210
668
446
682
235
530
794
402
707
424
437
811
438
874
712
442
817
505
328
292
807
808
464
862
957
347
411
764
711
163
969
574
865
678
877
276
966
206
842
394
640
299
902
617
845
420
428
765
315
375
849
287
634
751
655
914
692
408
305
825
368
403
119
505
681
349
141
242
632
218
600
944
943
236
282
467
387
238
451
738
931
632
790
652
522
549
329
864
999
510
263
339
499
175
827
933
521
981
951
334
543
328
107
169
249
660
442
520
596
702
100
317
161
420
240
218
990
562
715
197
919
562
835
507
933
176
198
819
210
267
554
183
737
216
856
537
922
281
884
814
630
471
999
191
920
974
906
627
580
756
923
492
403
642
397
105
317
863
974
257
227
245
894
151
837
410
704
890
814
765
520
104
160
384
199
534
363
693
213
795
329
477
261
199
669
122
158
486
392
352
250
666
465
332
170
127
467
661
190
361
481
237
423
819
518
493
668
254
290
229
136
606
455
539
709
367
903
582
652
331
506
121
382
556
236
652
727
914
100
872
606
771
438
273
583
331
524
157
770
372
717
225
398
656
531
800
242
616
114
885
933
630
286
723
711
633
450
470
783
634
538
696
176
683
324
812
900
353
222
801
555
740
309
736
407
693
904
515
866
260
414
128
470
979
554
712
523
535
861
714
297
578
819
147
335
988
181
296
574
662
324
814
937
374
661
987
858
652
396
403
708
336
814
727
998
311
814
711
331
235
207
733
657
901
324
336
176
723
811
190
898
742
945
164
878
651
942
190
318
943
219
386
330
125
169
256
355
744
695
761
635
731
149
781
932
664
782
334
939
108
600
194
204
219
618
661
154
873
488
953
738
503
336
559
612
305
721
440
726
552
444
173
280
839
525
593
766
921
989
730
882
136
192
429
666
657
356
801
809
462
365
796
567
562
443
685
132
341
377
896
662
108
255
229
283
496
642
664
859
719
903
383
257
433
360
322
816
685
115
636
370
946
712
524
503
714
162
961
678
186
380
770
969
836
486
866
756
875
218
325
332
582
726
415
518
761
136
728
788
745
315
818
704
917
589
809
245
419
432
188
392
886
479
351
298
307
907
836
843
958
166
829
500
867
792
674
138
452
634
897
668
960
130
979
780
968
321
500
803
582
268
935
984
657
166
926
207
429
410
988
773
414
492
780
815
686
725
395
827
400
210
835
544
413
792
245
289
933
204
957
525
115
451
624
302
976
945
954
348
679
309
127
745
125
341
763
236
601
531
874
559
454
248
326
558
656
793
380
765
423
574
587
140
102
701
218
910
933
784
478
314
850
995
333
558
837
338
638
737
487
742
430
866
570
119
164
164
299
521
684
997
525
853
495
990
456
729
304
271
367
841
501
915
487
440
531
498
333
208
482
414
690
217
798
146
202
722
346
120
596
405
376
591
389
983
791
647
151
872
348
679
605
530
639
955
832
986
380
691
594
989
161
800
511
932
820
132
340
286
594
961
265
387
898
961
368
224
253
154
134
844
392
637
648
822
472
613
550
889
511
161
219
624
480
650
649
901
853
715
331
410
305
307
785
375
460
881
349
290
763
810
576
721
455
528
956
447
285
833
447
869
912
550
696
456
971
426
968
930
640
452
731
748
243
718
708
737
904
551
213
398
529
523
685
964
993
574
533
388
800
155
235
239
309
892
702
709
934
801
423
609
142
760
433
949
973
418
374
934
415
887
846
271
190
242
144
545
501
581
285
672
151
418
740
758
381
973
940
787
688
561
390
496
979
205
878
815
716
604
234
494
490
240
169
107
901
772
224
984
465
342
985
569
123
353
320
223
724
590
643
966
837
178
599
232
321
552
459
447
108
166
444
183
245
816
895
106
271
816
958
126
592
292
720
115
774
393
146
946
993
188
985
745
194
652
738
494
144
591
426
412
678
385
513
436
425
233
495
150
531
529
605
440
450
473
128
472
393
213
226
272
577
815
459
398
103
793
161
186
909
595
492
967
696
380
494
282
886
477
729
784
979
752
252
248
259
746
833
163
289
867
722
702
680
638
633
776
256
486
724
374
730
480
998
384
914
606
854
821
720
489
548
700
967
960
996
523
468
502
571
871
285
517
409
182
852
670
210
599
355
662
122
999
736
526
727
942
335
461
509
193
941
122
963
184
731
160
859
753
528
280
590
430
417
554
260
564
902
567
995
237
862
332
347
680
317
535
858
784
748
805
207
765
872
327
285
120
970
598
728
692
610
199
771
432
572
259
498
255
577
549
477
670
851
236
591
566
813
343
405
431
750
559
770
667
812
434
578
785
124
415
924
886
978
610
717
387
931
884
597
437
890
586
159
196
240
750
197
504
120
701
164
151
764
296
863
888
557
863
273
796
974
162
433
855
384
137
670
464
347
470
571
565
412
298
507
637
661
388
677
759
205
633
188
831
549
571
350
907
284
927
239
839
527
694
237
536
571
153
654
395
782
921
352
529
898
596
440
495
431
574
630
901
426
129
702
596
741
469
599
259
129
871
286
563
191
139
113
370
274
241
802
673
892
429
851
671
508
206
467
951
711
785
227
597
393
542
289
259
514
939
618
856
397
644
653
773
371
400
774
202
285
583
340
508
634
501
925
280
803
874
812
890
212
465
166
766
274
335
929
521
546
508
406
783
837
233
169
827
277
415
681
652
575
470
167
190
350
588
448
116
179
827
846
341
785
866
209
607
864
437
171
753
520
968
383
388
224
213
481
480
638
515
481
141
589
778
123
620
244
389
344
276
861
105
558
705
997
342
793
523
321
718
594
255
718
603
991
541
158
922
566
102
206
431
803
809
190
939
500
541
554
238
234
145
305
834
376
795
796
793
832
847
821
575
284
470
106
257
262
397
515
647
997
563
152
641
774
455
360
272
652
760
525
703
782
975
186
571
118
967
226
971
816
781
357
900
348
858
478
260
727
338
505
773
687
244
351
520
290
785
380
225
221
431
906
301
753
635
633
464
491
484
416
168
621
721
920
647
920
921
785
882
793
786
729
121
664
429
125
524
540
491
795
810
820
358
805
454
588
830
394
349
916
751
988
922
416
145
248
893
844
939
835
286
380
370
679
379
137
606
119
590
412
487
304
989
896
418
964
420
912
987
616
795
828
626
995
351
990
325
423
293
273
129
994
282
253
574
787
852
415
286
268
284
723
124
862
166
961
796
814
329
741
852
330
317
151
922
457
222
412
251
513
852
376
538
233
680
687
586
603
974
229
988
594
216
443
478
398
444
741
768
658
561
948
433
389
658
689
853
921
221
733
686
531
912
565
517
314
351
807
460
997
802
553
572
226
581
373
998
294
817
953
834
331
123
221
527
715
639
536
476
196
204
120
917
925
593
495
113
794
617
739
162
286
464
801
186
884
692
320
754
869
939
415
345
326
621
533
133
193
298
884
756
108
632
836
297
974
284
230
467
313
527
316
753
461
257
973
206
994
410
655
994
177
633
579
237
659
916
857
600
668
843
717
304
186
471
815
518
447
870
418
552
231
771
354
745
401
638
694
618
645
666
206
664
547
880
452
909
152
683
177
542
238
729
492
631
697
659
188
625
505
575
689
445
831
529
785
296
358
575
395
772
344
666
204
110
388
936
469
808
915
161
991
376
110
494
363
394
172
331
825
614
545
524
501
416
296
820
615
665
547
190
206
218
200
854
798
862
739
967
302
316
374
120
873
491
393
862
536
206
387
646
841
956
326
712
724
567
100
867
734
496
684
245
878
972
546
834
296
556
784
106
578
955
739
571
335
905
603
462
564
845
653
113
494
473
369
239
152
408
184
362
277
442
240
780
152
820
163
235
468
646
841
198
727
979
307
246
842
815
328
846
693
836
342
177
931
977
567
297
367
180
369
772
345
569
136
394
283
452
632
980
992
442
518
347
551
640
413
121
365
392
419
443
818
528
375
791
477
860
414
991
580
331
290
836
835
616
805
470
634
610
389
649
319
798
243
281
967
216
376
442
279
444
837
703
700
644
430
383
327
356
808
757
801
761
563
118
837
439
842
609
970
525
902
421
921
100
798
233
734
247
456
860
510
592
326
857
613
520
192
352
111
836
264
396
683
407
867
458
163
910
302
676
488
580
199
627
799
171
829
783
180
613
973
313
559
807
998
414
495
912
654
677
199
481
344
824
856
209
151
997
932
343
292
706
928
370
111
339
738
816
436
476
350
826
459
866
862
490
225
287
380
632
198
395
748
140
495
843
690
803
361
741
833
695
316
755
363
556
568
419
110
137
594
221
763
994
743
760
428
553
170
790
834
666
792
193
357
367
275
735
819
340
315
254
787
686
201
535
861
511
738
889
751
434
583
517
129
450
612
818
375
388
181
443
669
850
252
369
593
679
826
525
114
381
148
553
439
236
898
202
703
191
130
905
826
317
196
400
584
975
879
257
311
450
636
905
728
658
691
670
871
859
659
316
760
323
432
573
838
399
207
893
937
401
198
756
731
733
899
251
952
707
105
335
590
870
144
266
328
513
749
827
654
618
471
604
422
821
724
808
715
256
894
310
740
324
254
155
742
982
400
420
755
399
747
509
539
493
744
476
127
436
137
539
334
925
522
915
268
517
511
686
125
913
215
877
447
532
572
937
881
370
752
453
434
980
919
518
384
612
448
211
450
511
259
383
825
341
918
553
757
871
518
245
726
241
487
494
682
902
800
271
648
988
711
942
135
400
572
354
388
533
762
604
480
238
745
762
935
337
860
751
831
441
378
126
755
656
401
990
732
431
514
311
226
568
733
770
948
253
850
377
420
801
952
100
385
981
671
323
297
956
893
811
282
431
641
651
310
380
206
993
224
800
779
275
456
750
836
363
372
278
557
981
215
585
526
289
716
594
897
423
612
232
704
741
370
463
751
138
803
312
139
683
765
773
974
144
890
546
944
764
127
990
901
832
131
195
645
353
960
749
706
991
135
870
295
345
436
165
271
338
945
567
119
440
704
274
957
408
540
365
877
843
696
138
769
620
496
506
571
179
878
363
451
705
649
781
601
209
833
509
124
934
880
215
755
322
679
165
610
891
691
723
777
540
333
575
915
874
731
114
634
852
742
862
403
435
129
696
964
899
531
896
705
285
631
472
277
143
237
388
680
332
862
520
451
987
520
564
472
744
491
998
545
140
481
450
890
537
983
989
237
465
125
580
773
860
805
310
795
388
741
492
158
441
979
475
558
802
276
574
924
120
391
667
859
867
491
596
767
705
113
198
194
418
220
613
687
734
641
734
190
938
439
661
529
537
398
139
504
427
513
119
243
432
464
856
970
927
404
800
206
618
753
768
837
535
830
636
592
702
118
989
139
879
147
222
608
273
394
389
670
731
571
459
154
546
994
443
433
733
231
914
956
648
636
938
535
389
139
927
646
259
481
891
734
365
148
700
655
756
885
146
875
945
643
556
794
822
651
904
611
506
121
397
575
470
172
158
792
525
536
412
426
431
239
173
213
949
561
993
864
170
853
254
371
545
363
219
608
480
648
138
581
240
670
362
941
863
716
749
456
296
213
817
203
243
782
284
762
751
933
643
683
359
632
876
737
533
571
756
499
617
340
776
157
268
172
205
704
606
758
268
999
581
692
838
771
267
936
637
387
715
558
997
615
572
392
152
634
875
855
629
128
584
755
277
771
349
667
350
937
759
488
456
696
344
924
510
241
149
857
522
127
475
424
582
877
894
937
382
781
778
807
205
782
957
498
470
768
577
921
849
695
597
817
256
490
250
760
202
713
576
212
792
620
554
256
399
209
635
156
563
635
496
424
990
154
728
297
104
470
689
156
381
645
959
491
188
499
629
417
470
304
114
896
454
418
922
649
661
467
880
418
943
329
416
575
147
190
158
222
663
460
269
820
851
252
646
443
224
792
705
589
340
566
264
673
119
643
641
180
582
473
103
789
187
521
311
222
363
199
519
342
409
677
657
562
211
174
645
823
968
966
354
322
386
403
575
558
705
690
810
552
145
625
398
855
166
511
966
779
663
862
109
695
846
930
665
230
196
467
825
903
613
593
158
103
642
736
453
187
437
777
314
687
525
394
306
320
604
586
300
914
829
343
932
601
702
458
896
492
767
215
777
825
444
136
761
488
902
300
444
388
556
904
513
902
718
413
802
908
928
976
999
897
687
281
520
164
645
762
557
383
135
127
760
439
345
604
969
604
442
120
255
206
564
938
655
992
520
885
436
740
581
379
659
712
133
524
189
465
489
509
377
295
321
838
985
215
678
700
728
228
433
835
543
238
963
702
138
457
710
199
960
843
294
688
357
718
330
925
325
184
348
341
701
530
618
689
457
785
311
803
814
133
704
911
435
368
216
574
583
612
358
380
220
267
405
780
550
362
778
646
467
851
833
162
968
240
864
359
526
349
276
497
975
688
540
487
267
412
368
502
134
379
492
520
602
701
403
707
584
434
141
176
621
649
478
427
947
559
834
256
778
289
884
938
291
641
735
416
737
241
724
667
172
240
990
675
329
844
617
575
674
884
242
616
707
682
889
856
546
544
435
385
408
679
588
451
625
542
512
777
557
844
770
575
116
355
207
120
871
603
999
132
482
403
179
694
442
527
233
200
893
313
403
637
378
585
877
368
363
755
880
551
542
847
853
845
155
326
311
743
300
204
487
828
646
135
410
134
692
948
188
564
954
103
327
248
285
384
627
356
280
800
835
646
491
795
467
724
944
688
238
152
304
780
696
222
135
317
101
554
484
885
692
977
843
931
324
634
129
818
130
422
173
712
609
678
627
539
992
713
801
765
572
898
917
845
339
748
498
864
611
529
249
155
162
705
631
706
872
156
735
918
991
247
890
772
934
746
615
617
840
110
944
357
131
552
820
232
694
106
885
849
844
516
454
818
654
122
293
709
206
889
693
477
612
391
484
123
696
626
593
786
906
223
682
699
478
917
280
742
478
102
358
900
244
308
928
913
730
818
338
606
949
586
145
507
481
728
608
861
250
340
831
860
825
726
206
524
397
100
750
361
278
734
476
206
145
811
652
541
703
698
774
785
341
404
522
230
378
140
295
696
379
692
409
916
892
395
253
293
377
162
593
730
699
164
271
917
374
169
757
531
641
944
555
600
488
629
513
626
723
359
318
102
535
262
996
722
954
586
369
448
611
664
694
464
410
714
640
147
984
354
878
456
766
664
891
830
415
490
880
236
220
974
861
897
945
881
463
263
745
687
920
485
631
911
877
925
948
328
191
319
268
287
863
449
912
136
983
890
171
264
708
460
522
939
779
611
686
478
582
466
323
706
519
324
399
203
835
708
923
199
547
902
943
708
628
921
912
335
252
524
716
104
862
430
246
309
191
987
424
651
592
716
686
419
769
168
524
322
565
832
686
247
872
118
685
199
160
491
891
628
918
752
867
129
835
759
290
292
615
612
261
940
475
829
826
119
294
828
110
445
383
866
489
673
711
491
634
446
338
762
317
498
331
409
561
273
113
679
305
121
962
132
949
186
463
758
182
449
293
955
901
754
203
735
956
903
869
658
833
706
182
423
430
259
723
221
763
540
964
782
811
112
510
655
861
354
701
882
156
571
899
546
699
481
951
669
363
404
866
960
240
550
916
411
490
881
399
497
577
768
563
389
972
450
316
170
873
266
784
208
456
894
835
261
600
458
545
402
477
232
307
506
711
475
498
749
170
286
351
906
401
624
818
594
269
693
749
135
984
107
897
821
394
630
852
536
310
569
955
514
352
345
314
397
570
694
620
688
866
338
949
977
395
416
980
342
439
324
777
945
479
789
644
294
480
253
791
227
363
909
256
448
968
588
286
445
434
796
365
151
376
622
922
113
444
122
100
879
766
621
436
356
950
411
559
155
976
260
757
174
710
153
239
510
175
182
687
203
786
768
698
242
643
625
740
391
746
399
565
443
740
491
108
213
530
349
778
403
384
959
446
711
953
446
531
241
168
281
423
422
513
104
789
236
763
449
492
129
644
860
199
954
300
499
530
619
259
745
546
175
587
989
973
968
780
272
620
674
517
896
202
765
594
453
118
199
502
254
615
543
882
790
313
993
218
968
594
466
462
420
645
683
667
763
191
340
420
902
845
386
412
122
457
399
418
566
906
542
565
598
616
504
821
900
810
122
171
710
869
495
207
115
649
713
309
403
210
743
521
245
487
190
806
930
983
518
705
399
218
792
515
507
275
905
386
967
373
640
837
408
540
481
711
648
729
232
374
276
105
307
781
185
160
749
739
633
803
944
211
278
315
209
625
578
684
204
819
945
758
815
318
307
602
399
892
783
567
427
231
202
362
958
852
753
984
679
314
888
241
430
653
119
870
425
970
974
784
580
643
125
202
496
821
842
686
883
388
364
781
703
993
327
308
409
714
163
718
751
436
967
635
618
308
764
235
724
169
467
131
104
183
798
247
394
706
539
491
725
358
216
393
959
615
454
288
953
123
893
574
502
363
611
651
868
813
616
300
649
755
753
214
351
340
593
777
202
204
820
472
442
395
513
630
650
129
764
779
949
841
426
881
423
408
212
109
520
855
993
432
480
648
912
291
239
122
601
849
223
254
179
623
421
185
511
331
435
614
896
856
123
954
793
479
764
457
533
338
896
349
932
493
296
144
418
473
441
447
703
461
313
492
551
754
729
466
881
886
218
358
961
949
891
960
271
990
940
246
532
736
334
197
914
846
801
471
377
544
472
801
145
872
691
448
568
285
203
565
207
143
580
680
692
263
594
202
487
927
373
752
339
379
794
880
877
367
966
272
236
121
751
459
316
925
656
691
975
869
377
619
627
670
626
234
438
504
771
832
443
382
485
355
120
762
846
367
111
970
675
223
486
717
563
516
502
201
110
917
676
546
343
519
624
645
422
595
636
877
768
439
955
463
490
222
247
314
251
927
515
682
965
814
322
381
203
234
265
103
430
485
971
167
424
447
931
765
143
925
390
712
390
172
295
707
140
852
566
261
571
813
193
340
932
755
110
810
314
794
483
527
681
161
631
560
932
514
409
258
496
181
733
156
731
359
228
556
973
820
572
205
604
211
657
116
793
231
554
926
285
630
685
329
784
955
295
778
105
762
808
605
873
263
875
186
529
660
269
510
882
584
335
962
761
105
616
761
779
258
421
684
776
169
234
838
757
154
593
557
674
769
450
825
838
796
233
714
168
878
820
897
416
487
817
496
481
867
789
471
626
138
656
792
988
274
183
311
631
559
790
421
695
789
934
719
965
885
204
240
554
289
800
591
818
616
791
230
375
748
443
465
454
426
167
442
815
540
412
787
478
225
467
920
741
267
693
911
331
765
860
246
966
805
877
878
668
262
876
404
190
378
741
752
402
107
561
928
451
663
319
197
432
365
151
898
432
679
218
771
818
568
303
391
786
452
400
977
796
805
871
547
442
359
852
343
158
890
761
756
942
674
434
869
677
149
493
981
753
822
938
114
256
498
201
919
350
475
252
993
346
778
666
809
882
580
234
752
329
619
900
564
319
718
892
380
248
348
214
884
968
723
258
876
883
813
919
743
448
464
795
270
373
193
820
950
718
525
121
327
642
824
736
159
892
696
533
536
950
938
109
153
773
872
610
694
866
868
889
790
526
855
165
778
178
139
748
753
952
928
727
130
485
737
917
260
685
220
241
920
945
561
461
708
448
127
622
621
974
273
586
757
344
379
763
237
379
187
810
898
675
224
695
568
825
109
646
297
163
763
618
320
811
144
687
202
980
963
889
115
532
202
473
993
116
928
893
457
774
272
937
441
946
425
201
795
541
533
550
224
500
864
176
583
864
997
933
211
833
643
707
846
861
846
617
297
536
308
208
883
928
628
284
271
171
740
547
381
840
345
277
902
762
433
712
754
808
667
930
167
984
651
187
517
630
228
803
548
161
478
270
445
650
145
276
429
515
955
440
876
134
449
972
876
575
183
167
986
227
883
261
699
664
555
227
702
107
834
287
363
839
605
699
779
333
641
867
693
218
529
401
899
605
837
654
662
248
120
872
673
372
182
645
355
675
503
147
209
215
826
452
402
892
603
671
965
220
957
238
126
391
586
267
842
695
566
980
689
536
860
524
544
680
824
843
811
815
117
264
392
476
869
403
893
835
159
985
121
712
926
967
917
224
131
198
683
767
265
913
216
852
586
439
753
230
854
675
603
416
640
207
454
847
300
858
335
571
390
905
626
797
480
838
851
153
264
307
110
619
411
821
946
623
483
583
435
396
390
371
544
662
110
853
363
280
307
446
203
546
182
900
701
562
998
898
950
598
500
181
340
442
449
164
380
717
921
298
288
322
899
188
941
772
667
461
364
129
977
944
240
162
609
213
721
533
602
569
106
713
450
748
603
993
832
587
972
589
245
354
678
530
653
285
872
332
632
874
304
715
174
709
361
257
193
535
254
541
986
643
343
842
997
952
570
627
916
575
928
439
365
717
807
853
143
158
201
923
895
394
611
764
373
647
557
541
213
276
433
333
656
686
445
619
768
253
955
988
504
990
509
189
848
254
168
184
758
976
260
855
133
683
573
530
492
161
623
948
387
939
329
360
201
839
530
448
919
194
888
331
589
908
672
350
727
135
324
399
285
866
631
543
673
532
335
800
108
560
927
157
591
148
382
694
612
210
627
487
540
465
833
881
469
806
717
611
795
652
714
590
722
690
601
914
871
632
642
179
880
451
738
657
990
665
658
993
855
192
329
856
115
305
478
347
561
547
365
500
866
815
552
381
388
787
191
244
579
869
282
907
261
396
423
716
289
386
746
266
972
470
669
710
730
726
307
999
374
679
263
986
301
740
529
734
922
619
308
800
595
675
981
302
178
641
395
192
226
177
566
437
509
559
490
906
323
256
213
833
239
726
211
834
311
202
897
743
490
987
460
546
956
937
434
987
135
224
223
478
802
361
219
382
418
953
946
727
566
488
855
689
728
963
347
642
826
327
572
149
225
740
759
415
685
942
589
871
385
138
237
721
643
225
111
625
792
518
614
729
479
192
681
129
406
624
493
104
276
377
258
409
203
811
836
226
685
984
689
624
245
315
749
394
277
206
179
638
808
952
204
598
734
697
215
665
651
841
872
255
753
329
805
563
644
230
897
791
520
963
468
652
977
437
572
340
597
316
969
379
582
779
285
597
644
590
967
675
785
261
614
629
413
600
188
117
415
269
363
987
286
348
395
317
452
133
962
682
601
902
593
189
473
439
184
926
287
523
995
545
755
247
224
321
412
880
931
715
544
728
265
999
288
826
208
690
586
386
949
452
969
570
605
108
890
652
509
541
159
621
557
887
966
221
647
807
233
391
377
168
248
168
878
400
872
106
792
736
326
643
550
556
292
248
762
948
634
757
484
674
408
726
558
113
695
297
505
585
846
581
385
115
416
134
470
871
150
619
840
889
270
416
659
840
946
421
926
579
200
104
272
744
901
350
598
658
493
697
556
732
675
802
870
369
489
859
169
979
861
586
382
634
681
281
968
800
724
700
695
422
618
869
526
615
565
661
929
474
260
811
175
857
311
567
663
814
544
383
791
924
184
407
837
550
897
771
788
687
284
411
495
619
603
408
260
570
329
913
799
911
712
610
478
373
772
574
496
293
646
822
450
710
943
520
160
401
741
424
115
412
569
778
219
160
789
502
855
726
502
509
263
140
851
120
942
802
463
745
663
420
421
854
127
336
893
657
430
347
811
207
857
645
135
930
800
279
427
837
466
708
420
846
795
181
374
154
580
902
572
114
636
364
498
998
977
359
311
862
668
849
640
934
135
909
442
172
151
482
938
966
651
788
764
250
770
896
649
613
551
796
806
570
633
132
663
476
760
404
648
916
796
479
162
366
695
254
298
490
253
286
277
156
485
636
971
646
749
413
102
675
421
626
616
852
726
466
862
121
547
335
539
522
885
470
319
321
688
246
459
294
826
762
407
157
115
747
833
759
993
923
645
325
311
800
517
115
540
610
978
930
336
615
995
406
839
821
482
985
490
756
341
820
784
644
834
782
849
730
755
920
764
829
786
981
848
792
331
491
770
403
858
366
668
238
877
213
262
772
103
223
285
935
252
373
367
194
952
183
511
955
390
400
145
287
610
732
432
815
226
623
773
794
686
688
620
956
530
507
857
977
303
740
613
869
796
713
573
871
527
421
386
226
154
484
526
342
800
540
120
316
969
651
802
844
505
693
238
291
666
318
236
202
728
183
139
833
517
570
900
195
459
261
384
113
218
894
939
646
101
229
196
646
139
963
678
685
552
440
406
519
664
403
917
551
578
587
757
670
733
677
273
390
923
683
473
196
317
725
227
556
832
834
495
927
951
755
737
716
149
843
536
578
850
558
581
273
358
373
599
405
269
623
580
285
751
475
127
625
312
900
654
545
274
675
457
244
861
938
164
986
362
323
703
972
868
737
849
588
251
433
621
958
221
866
270
257
753
740
622
994
915
256
458
998
564
711
183
912
548
771
297
172
697
796
809
114
344
934
609
143
259
807
208
359
546
702
263
184
263
334
437
361
741
475
518
550
850
108
260
297
117
624
274
550
246
866
754
879
834
801
130
725
945
881
363
694
629
476
788
115
383
296
280
816
500
576
259
519
833
260
640
569
426
557
663
326
379
620
121
464
884
365
125
852
380
804
354
739
942
588
360
275
188
417
312
258
737
800
772
928
528
784
499
705
181
690
749
747
720
206
677
338
337
683
840
745
908
464
699
309
494
488
410
775
795
571
262
637
368
535
942
738
907
465
111
115
629
126
955
282
724
957
621
260
647
235
728
966
500
376
557
320
773
979
482
542
785
951
459
972
705
933
462
884
960
791
207
888
525
897
465
958
754
971
873
693
131
977
543
649
431
101
431
667
376
130
316
176
988
369
586
280
902
140
939
837
476
711
949
337
957
154
796
436
612
240
309
412
658
326
173
899
196
920
401
251
717
905
212
222
167
866
824
584
235
909
681
504
966
927
703
473
187
584
404
619
146
655
241
798
952
280
336
869
298
146
311
480
869
204
644
435
930
537
689
510
407
781
492
973
874
924
176
532
797
171
404
928
783
991
477
416
917
430
293
653
728
568
111
843
471
499
932
454
422
117
691
738
342
787
953
129
731
945
420
549
717
332
560
574
409
712
740
365
306
721
333
452
741
185
474
845
629
722
106
430
737
552
934
219
785
628
496
646
544
467
868
215
966
143
652
476
819
879
270
984
126
350
865
633
468
849
538
118
512
825
836
366
721
810
821
264
883
918
783
869
544
612
813
606
619
474
794
447
409
533
141
563
949
221
234
501
724
228
675
409
955
604
179
821
662
617
908
575
723
372
901
862
856
180
322
927
606
446
325
317
250
605
478
802
867
135
758
187
109
506
869
473
828
710
216
950
305
623
982
765
257
460
834
275
483
841
996
429
880
806
651
524
289
363
184
689
396
679
585
601
244
239
561
522
246
619
347
797
329
251
478
536
878
991
768
224
133
645
592
402
609
610
847
695
596
715
409
280
523
216
634
439
539
644
632
845
965
409
859
905
569
526
828
893
970
351
228
754
600
152
726
502
352
219
149
501
592
826
466
357
752
385
919
909
895
996
327
394
553
433
235
256
361
417
824
632
683
854
389
916
644
665
267
798
187
241
224
837
397
108
566
436
150
708
629
333
518
860
259
153
400
772
812
590
497
432
842
698
762
301
846
354
836
328
685
357
779
873
421
991
609
902
801
973
997
223
416
354
837
560
812
514
477
529
932
862
927
131
204
690
433
271
136
683
948
671
509
285
755
930
749
877
693
513
757
856
162
740
379
774
574
722
571
280
416
722
476
709
544
794
447
620
944
709
775
172
209
800
924
393
228
723
752
295
173
760
143
547
668
512
668
565
543
859
578
624
312
929
871
157
173
322
232
866
170
562
177
306
472
252
964
288
715
447
814
294
279
746
712
655
904
816
900
667
132
919
190
906
557
280
155
420
558
749
552
745
819
805
202
497
793
778
779
989
641
889
765
936
842
511
684
920
380
295
470
697
121
569
800
167
796
616
161
291
681
588
555
974
617
224
842
376
602
714
979
416
151
620
201
664
575
652
229
848
846
571
871
896
190
336
943
124
678
504
215
243
991
973
716
362
692
952
946
484
759
582
718
408
940
673
818
550
857
817
893
132
653
258
884
805
107
284
906
443
876
353
993
902
336
327
428
761
252
450
852
491
514
835
721
688
532
972
507
573
534
629
983
869
325
567
493
172
211
798
352
251
527
628
780
340
378
187
440
358
931
275
114
891
667
187
953
940
907
900
280
382
514
310
293
676
351
754
337
212
466
444
853
281
663
310
265
137
507
269
204
668
273
625
177
281
445
353
425
222
325
647
921
323
664
776
866
777
225
909
652
166
909
575
107
594
924
258
685
621
757
634
298
886
108
194
251
745
754
903
870
371
784
635
121
996
365
264
307
683
180
426
870
479
772
219
659
168
540
497
354
475
111
110
198
167
388
495
277
762
778
935
664
791
703
215
257
462
227
266
234
344
513
569
182
169
296
362
529
773
602
341
605
405
282
762
857
941
693
822
166
872
660
427
315
932
636
817
984
885
321
682
827
585
921
271
888
682
534
311
970
814
527
265
903
482
143
532
979
411
287
424
936
383
729
402
587
123
590
674
449
410
764
947
874
565
656
488
123
972
169
912
131
801
903
954
402
443
897
703
859
816
414
845
518
283
797
368
201
950
481
368
693
452
529
430
727
881
459
183
852
297
781
397
949
917
420
860
722
187
169
588
642
720
508
575
268
765
924
180
149
730
219
293
850
370
879
569
295
416
453
730
194
485
784
958
566
419
821
980
663
473
764
112
525
561
331
261
623
682
580
622
419
776
924
776
544
178
388
731
957
261
326
128
914
625
910
853
946
937
269
644
877
167
493
278
865
497
382
374
869
306
589
324
918
533
135
307
945
231
517
382
631
995
148
664
863
520
762
467
551
334
663
998
629
555
362
644
431
331
697
133
439
514
303
965
571
406
622
553
743
697
217
199
227
284
664
858
392
807
414
587
102
850
629
526
623
402
101
317
686
235
516
197
817
823
633
406
782
410
150
615
747
170
143
762
279
557
584
398
518
772
965
186
193
320
415
546
233
325
790
523
957
467
531
938
884
600
641
256
171
381
927
240
116
333
597
974
644
636
141
543
561
922
510
278
837
145
870
708
547
990
344
843
938
454
941
510
881
883
643
860
947
937
751
130
992
860
709
742
646
204
607
517
143
863
410
399
217
262
634
300
332
801
603
304
676
280
123
990
769
396
331
510
903
389
845
867
817
793
503
990
603
537
894
171
910
454
942
162
530
160
194
767
161
690
736
444
650
672
616
710
209
716
809
520
506
591
784
664
358
827
758
853
410
368
953
478
543
646
445
252
543
792
622
877
269
466
344
529
205
238
211
729
982
630
768
754
106
291
421
881
889
137
491
474
455
509
272
550
801
738
899
398
813
673
960
519
362
346
688
709
962
441
877
539
280
451
538
543
290
774
742
364
662
949
647
768
779
385
660
490
865
954
829
842
944
770
992
237
363
273
388
628
103
796
722
777
392
585
827
594
462
358
892
853
338
253
235
724
461
357
423
412
406
789
389
197
295
157
266
212
685
355
645
367
887
563
996
540
808
372
748
670
224
871
172
187
160
160
707
590
440
272
718
396
512
632
928
361
193
267
883
168
127
160
964
889
153
230
118
797
313
360
833
427
972
537
716
688
633
522
839
630
476
730
683
806
413
862
428
613
658
855
274
569
506
693
740
387
255
302
217
699
711
984
304
982
257
158
201
793
143
871
839
503
519
422
659
920
859
522
146
337
939
790
978
890
642
811
347
671
617
808
858
997
988
870
437
707
806
912
579
656
622
106
629
525
578
131
863
133
374
472
314
456
809
700
607
938
940
299
627
613
891
892
370
372
132
749
217
997
791
154
813
275
759
707
332
158
242
747
515
963
235
339
394
418
344
162
991
500
190
990
890
199
714
982
397
481
905
401
152
608
531
357
295
212
699
278
290
554
285
382
738
417
392
929
942
667
616
353
609
783
187
601
206
625
882
710
114
134
741
481
288
558
111
718
836
614
555
285
222
684
264
999
674
872
959
180
999
983
109
618
182
341
444
307
683
796
208
136
114
226
112
411
402
430
366
629
362
559
906
919
457
623
663
265
157
856
221
131
586
357
717
684
808
271
714
723
302
741
869
123
480
424
296
880
294
445
450
489
934
418
845
710
192
192
397
742
893
984
859
511
780
671
387
183
934
636
312
564
770
811
988
358
165
634
704
992
994
186
155
336
869
297
496
670
737
836
474
483
885
364
190
575
135
867
177
799
144
503
910
718
426
441
911
408
240
708
828
249
421
784
412
412
127
539
954
182
499
695
289
657
187
718
970
933
696
494
527
725
811
169
742
653
134
907
450
628
391
387
796
257
364
508
733
747
362
330
275
584
973
447
969
847
572
869
563
129
514
346
271
612
771
451
537
501
191
850
211
408
120
584
645
643
937
343
680
455
625
411
248
495
495
898
493
920
726
970
309
191
638
353
947
434
918
946
228
702
964
432
516
306
679
720
351
223
222
759
956
726
465
233
352
209
775
913
315
716
626
303
983
699
891
516
328
840
575
112
847
415
750
680
427
344
201
615
609
205
349
751
142
230
595
631
544
187
422
935
140
738
182
665
203
759
260
876
836
995
657
570
725
834
630
727
544
690
876
602
653
303
638
587
100
522
177
127
885
589
837
535
844
328
285
530
455
797
797
228
781
241
233
363
810
457
781
796
374
531
215
127
349
470
354
596
346
509
840
981
103
644
920
535
921
756
831
703
868
166
349
734
245
872
461
773
827
151
252
523
240
553
633
390
546
504
122
953
613
148
316
183
530
589
451
671
616
718
160
630
269
728
388
181
824
706
950
144
513
379
538
280
477
545
848
505
309
744
438
332
907
727
317
120
508
647
382
738
938
161
338
415
153
195
569
841
584
562
897
773
799
216
957
606
129
264
271
143
569
124
343
169
860
176
588
195
251
312
252
877
689
364
425
555
799
288
282
160
726
958
882
265
185
297
606
331
613
246
383
670
591
963
865
549
803
195
155
298
735
142
890
820
141
730
382
169
654
777
351
921
558
840
663
783
328
287
686
729
625
943
857
507
859
212
244
566
623
325
941
130
283
383
464
300
116
171
858
394
121
178
362
647
792
292
935
392
262
499
279
619
590
506
342
198
608
174
328
289
226
921
508
447
186
980
383
672
448
273
209
131
669
565
131
426
346
364
780
115
392
997
518
401
430
682
968
475
416
450
171
230
633
180
569
668
683
439
502
814
312
182
850
780
764
415
507
769
632
372
818
898
338
522
325
638
269
834
886
259
597
704
467
524
329
620
789
374
129
754
400
407
593
121
489
885
333
329
848
759
638
272
122
326
636
443
462
658
626
704
487
534
214
427
285
357
591
458
910
779
197
414
271
649
352
276
527
850
279
127
747
961
229
466
258
652
972
571
363
808
300
352
162
561
280
564
521
386
675
293
573
856
990
432
486
145
652
142
293
517
505
330
350
985
144
616
963
328
916
637
184
347
871
997
964
644
224
766
176
782
679
166
321
895
970
104
311
564
351
412
165
599
118
172
914
425
339
260
304
246
505
376
597
849
301
560
407
163
342
298
480
129
949
985
635
372
292
529
119
309
900
300
347
111
409
916
432
498
988
551
944
827
867
645
930
801
254
861
397
296
438
527
734
388
665
694
515
574
264
228
467
384
806
911
436
542
185
239
811
334
512
164
310
135
740
649
343
756
791
634
404
637
872
375
966
151
682
341
649
799
870
618
203
998
806
805
179
412
411
627
759
150
378
542
593
756
865
619
958
444
907
902
625
974
233
317
192
126
989
429
863
454
998
731
207
743
132
814
743
134
571
540
232
478
647
360
353
813
597
129
254
604
497
345
652
738
924
623
271
351
271
378
187
691
515
559
731
158
665
434
778
107
947
496
872
435
405
834
228
981
650
142
549
120
642
399
385
770
663
972
546
821
120
208
490
465
857
781
815
934
407
908
809
951
273
838
993
298
779
129
786
630
675
115
455
612
852
198
524
581
137
327
446
455
220
405
587
578
498
670
460
173
458
343
121
684
703
521
821
920
295
764
960
794
456
148
544
280
241
758
849
424
848
567
911
961
920
803
184
120
308
366
149
725
124
319
671
103
877
641
745
351
895
173
376
109
683
218
623
543
385
289
457
533
142
689
202
955
145
468
751
637
396
221
118
831
339
357
364
357
777
721
987
336
981
203
827
646
698
254
375
482
637
498
803
607
828
771
622
267
860
910
574
356
487
233
493
133
718
167
624
533
585
792
692
305
795
701
461
721
836
775
642
224
902
120
748
328
944
545
335
843
450
203
837
656
349
707
588
918
218
723
963
844
139
602
365
910
998
947
134
543
892
332
605
556
801
836
136
484
105
577
455
998
256
346
964
460
330
934
568
900
491
404
423
140
723
638
958
322
444
662
573
365
201
555
343
588
438
196
292
129
422
817
283
626
261
809
950
990
128
131
913
103
686
703
868
259
748
798
884
612
284
582
599
233
937
343
749
924
815
726
294
965
895
979
742
436
305
769
213
563
235
804
922
705
165
171
671
651
962
975
261
318
619
708
390
494
500
538
433
328
828
495
205
347
638
579
621
802
851
493
732
205
417
193
279
552
533
204
637
463
658
776
245
198
976
289
216
539
620
513
655
416
265
561
400
257
316
319
537
221
423
876
461
749
996
613
453
977
842
687
966
189
216
291
702
966
153
551
995
790
202
348
717
718
840
608
723
172
958
545
306
225
522
770
242
312
830
518
882
627
822
630
889
170
352
957
998
185
600
876
788
943
880
341
284
550
179
267
934
505
735
968
969
470
825
975
135
378
751
793
333
475
774
706
778
976
140
624
596
347
732
329
159
424
303
126
775
345
928
756
312
765
686
704
690
272
213
629
915
420
362
216
839
190
901
768
449
189
785
618
818
531
742
189
235
390
546
763
149
368
777
747
479
292
544
835
896
944
164
349
681
791
432
179
810
865
583
185
312
809
847
371
422
355
360
906
986
706
508
944
545
524
967
112
279
317
782
833
704
896
716
749
247
988
121
758
740
239
115
886
218
561
644
242
945
102
704
459
534
814
636
118
589
328
749
636
348
922
933
456
420
875
445
147
385
210
916
565
267
403
140
231
947
854
548
319
508
804
492
176
641
502
247
444
648
147
410
493
377
118
705
805
592
450
444
208
836
914
361
602
846
952
926
209
459
232
201
996
800
728
773
260
586
331
779
184
259
940
519
609
374
733
286
367
367
812
409
452
771
304
790
215
453
392
607
259
985
442
224
301
553
192
937
638
272
193
858
967
103
148
275
903
814
626
704
185
996
174
207
361
985
907
162
100
750
588
545
222
296
619
316
151
433
847
521
789
849
778
863
261
136
497
405
257
480
328
402
220
455
541
616
593
204
781
613
396
795
983
141
957
958
383
197
570
454
915
756
794
910
911
902
864
950
684
976
959
549
789
509
501
765
452
378
373
118
868
196
286
422
375
134
286
870
205
183
123
647
237
957
413
384
593
116
734
608
564
699
245
763
121
877
271
728
854
284
180
154
583
654
397
637
461
616
545
654
567
576
311
941
112
829
245
314
675
769
664
264
979
677
271
825
599
179
909
323
220
899
731
597
792
238
287
997
672
886
666
278
875
335
151
151
652
444
668
646
607
435
578
768
444
724
758
352
753
658
702
830
137
876
721
704
353
692
799
661
365
304
334
657
260
562
223
957
888
994
421
376
966
628
362
780
949
754
623
385
790
611
767
100
917
204
358
371
215
574
550
970
304
812
203
154
657
590
720
895
800
805
913
966
370
319
520
580
913
104
936
839
430
818
113
157
652
591
894
391
254
390
521
707
864
343
286
628
937
754
174
578
203
154
143
181
116
273
537
376
311
603
820
825
746
495
955
352
925
463
254
708
269
741
377
164
538
751
284
843
671
792
310
862
327
322
732
472
686
426
170
286
383
795
521
999
467
128
626
949
940
941
362
191
718
257
606
245
858
497
304
472
124
331
639
141
455
492
586
285
362
969
929
410
183
407
954
931
487
221
681
683
509
972
159
410
179
653
927
986
256
716
865
994
890
728
463
913
988
254
258
769
373
934
642
564
835
599
931
211
454
693
219
666
418
346
151
807
997
580
223
928
267
833
132
423
483
985
413
913
329
311
443
357
641
154
738
195
778
561
141
872
493
115
645
926
485
383
467
666
435
348
296
692
308
335
126
142
667
787
791
744
883
720
206
295
184
285
866
674
483
546
533
146
541
795
814
658
621
628
632
295
988
600
166
789
960
322
141
137
654
690
740
594
287
878
281
180
356
176
474
457
181
125
739
772
516
652
506
627
696
440
209
614
500
291
592
621
776
452
361
819
961
695
623
157
863
392
491
896
568
219
825
986
284
863
228
647
571
628
765
597
547
955
209
534
949
681
971
791
471
748
115
331
123
964
300
173
328
125
599
171
551
951
428
504
710
534
624
983
329
346
971
899
570
525
887
944
152
559
329
363
394
426
722
145
486
764
554
550
349
148
316
428
573
771
929
991
517
770
588
859
145
447
334
200
606
651
541
275
941
686
830
707
939
931
426
529
297
525
294
143
229
355
756
355
784
332
167
768
141
206
990
462
247
473
253
962
933
705
263
820
118
438
622
685
208
451
574
902
724
237
506
165
937
872
999
734
377
523
582
901
855
309
936
304
876
983
653
568
217
720
350
242
125
789
865
255
584
638
807
676
732
518
297
723
566
293
460
804
571
990
950
930
606
237
413
695
774
939
631
162
480
900
757
554
848
813
525
311
445
897
599
550
937
985
654
209
682
396
310
840
629
495
694
147
190
368
965
387
639
617
354
814
404
944
617
900
782
980
520
528
795
838
514
559
746
316
157
327
298
188
610
147
679
536
109
481
296
819
200
578
632
638
112
789
361
481
746
179
181
879
554
652
987
253
444
995
965
151
568
988
657
310
847
541
396
254
418
840
425
815
953
376
467
927
772
128
504
478
936
192
574
124
303
173
785
451
151
209
814
595
608
597
757
160
446
630
891
703
632
251
691
109
216
194
414
687
179
845
715
717
602
820
882
269
602
542
260
645
357
678
811
647
736
610
293
849
866
966
733
241
542
317
818
916
512
784
643
821
556
586
363
892
260
227
313
899
154
766
830
571
172
688
394
121
257
463
419
617
953
650
263
146
722
657
864
261
963
886
816
521
641
314
356
900
544
546
236
217
222
897
801
235
583
624
283
372
271
674
508
680
283
256
240
841
769
841
839
383
489
274
769
523
881
655
667
176
636
742
384
857
208
398
750
275
261
940
875
580
371
234
710
565
125
261
756
622
687
957
387
513
116
922
563
381
731
955
738
182
360
550
732
691
184
760
204
415
391
840
114
821
268
143
968
408
514
387
219
843
538
119
847
491
538
692
422
545
879
148
110
764
783
581
465
386
104
773
696
872
227
399
754
708
824
172
129
226
788
934
720
815
184
110
363
860
861
549
848
165
506
415
608
440
533
125
310
134
508
960
565
431
752
375
756
749
618
292
296
185
905
113
270
439
745
991
579
677
317
978
281
338
413
272
558
348
863
822
430
257
483
589
655
844
136
499
182
395
123
154
185
604
920
177
660
575
814
602
237
601
589
481
741
670
626
652
686
747
674
666
403
975
320
100
723
230
467
465
546
448
237
550
873
671
992
798
903
337
461
208
435
284
970
107
145
304
707
144
547
335
430
720
830
321
905
999
204
846
509
675
522
901
237
614
960
246
269
453
875
848
189
690
213
726
237
377
419
555
481
991
500
619
513
165
738
105
950
924
978
758
756
429
482
664
520
178
166
390
247
377
921
124
670
280
801
389
345
907
375
680
889
461
637
999
746
798
333
429
173
148
910
411
745
511
329
113
309
184
751
567
969
228
841
640
518
333
971
757
153
885
668
797
364
785
308
458
662
459
373
904
235
703
318
757
675
420
700
700
868
244
681
746
538
159
278
745
220
181
334
953
540
989
380
848
388
641
264
830
321
339
840
176
516
199
269
816
945
207
174
879
908
893
951
958
248
794
341
990
251
369
235
106
302
518
712
560
758
711
883
492
964
981
503
480
656
771
188
297
887
563
549
100
721
708
132
530
986
193
961
888
809
689
967
254
269
203
177
890
762
898
713
181
941
779
908
947
234
270
857
687
384
636
567
674
851
881
180
783
396
983
602
861
110
622
205
547
752
492
879
540
431
453
846
259
492
339
565
287
129
715
303
429
667
192
554
983
466
977
404
730
713
925
316
535
920
840
553
154
684
587
411
376
126
941
145
850
770
286
173
645
836
483
425
859
916
451
982
316
295
194
563
780
524
963
217
352
573
297
414
948
579
729
132
985
104
862
993
314
213
929
777
732
386
629
845
536
333
786
978
787
554
735
146
793
922
526
407
828
670
169
973
209
280
206
271
357
122
466
473
266
163
102
211
310
320
703
464
262
514
331
898
313
930
677
283
103
264
934
174
926
657
773
559
112
106
275
691
250
513
344
819
875
814
785
367
930
922
592
471
885
629
753
245
310
785
114
284
368
124
939
212
108
933
426
565
102
846
463
371
824
694
516
258
402
901
455
292
943
597
650
972
963
873
965
669
244
540
106
638
568
390
886
163
243
465
461
833
527
114
304
326
236
252
237
915
211
594
466
645
235
540
553
758
580
295
852
765
130
128
763
666
252
418
837
134
361
439
908
841
846
849
630
900
540
360
489
249
362
594
194
451
757
930
689
953
343
977
708
566
294
569
904
259
212
636
459
449
174
633
496
833
354
952
688
866
564
621
908
554
815
513
825
982
505
276
823
398
499
547
385
468
470
418
838
994
747
722
262
701
432
865
467
830
309
364
272
517
427
814
786
309
565
191
487
292
179
102
250
896
582
739
524
714
137
777
183
995
326
313
189
545
367
570
436
889
243
283
841
603
366
169
154
353
302
823
834
134
221
833
191
878
198
417
380
328
732
854
713
243
290
538
142
444
446
491
826
534
242
103
390
834
338
503
760
233
587
651
935
223
945
961
853
246
736
799
822
866
231
813
720
373
824
558
242
345
925
679
475
200
875
420
453
504
905
457
139
790
669
239
940
937
884
399
643
558
367
101
267
518
278
665
220
361
548
931
342
875
586
982
231
248
947
269
933
859
713
653
649
358
742
365
481
732
359
636
193
644
621
602
196
270
680
284
539
301
739
616
626
309
179
699
677
269
385
538
277
807
241
485
936
212
253
432
243
293
848
970
816
649
603
809
378
158
199
225
370
588
681
166
283
604
740
623
320
260
578
194
434
387
187
595
200
848
198
945
246
873
897
869
250
432
484
698
828
366
311
721
598
674
536
921
476
412
729
420
842
587
926
110
419
315
605
304
983
630
624
278
225
765
692
960
148
318
241
185
357
692
511
831
651
726
489
219
263
292
426
402
760
291
450
989
160
511
204
169
656
629
943
156
461
301
484
457
420
242
949
494
371
241
623
989
854
106
617
456
237
525
754
360
498
170
262
503
459
936
412
286
881
545
279
880
165
795
700
842
875
600
726
598
322
379
576
890
945
935
591
857
350
803
881
141
710
301
863
208
798
884
628
889
685
465
794
799
492
247
176
346
475
553
365
756
364
576
471
287
185
749
812
869
319
792
430
345
425
606
448
169
116
674
887
839
520
337
914
217
853
949
556
526
413
317
136
618
801
819
643
519
805
538
150
795
742
106
274
176
540
882
420
538
217
474
862
530
589
120
547
960
978
226
503
728
164
817
451
297
711
343
584
397
887
936
407
817
614
642
525
709
847
976
504
472
749
913
506
241
229
473
734
880
328
836
394
429
600
807
574
368
553
600
170
880
307
847
551
862
556
969
983
279
435
695
162
650
304
238
482
127
709
794
645
416
113
662
598
962
187
279
484
659
635
967
430
119
982
919
751
481
722
731
743
764
328
799
470
157
647
419
241
426
916
598
679
215
561
530
427
818
306
384
435
965
154
484
735
532
675
622
899
322
614
172
363
133
271
755
685
887
481
347
722
424
281
583
279
882
983
136
651
405
651
181
274
626
955
355
257
923
811
222
818
229
466
112
455
772
598
980
700
719
400
611
663
870
167
925
472
484
464
196
586
987
954
113
724
921
828
230
477
221
576
380
564
967
848
619
170
654
841
596
648
554
265
140
200
955
919
196
109
768
424
861
136
907
505
688
912
515
184
511
865
674
521
420
276
852
663
571
339
493
512
498
456
570
628
487
942
250
313
290
917
369
810
477
169
887
699
940
550
709
646
546
477
445
761
970
176
201
298
252
310
419
788
308
361
725
899
659
799
588
356
426
988
404
272
965
698
387
542
181
980
740
893
534
691
973
632
346
832
577
112
358
141
628
647
127
406
601
435
547
409
425
973
129
237
760
309
136
963
427
451
511
384
891
284
247
853
175
792
770
987
682
475
211
976
639
886
616
717
963
123
969
864
178
894
623
157
213
718
931
813
419
296
159
305
106
184
905
789
209
300
425
494
705
590
201
616
100
608
244
915
919
671
945
343
395
486
373
335
753
357
983
592
993
668
745
810
276
804
177
300
739
600
802
508
339
209
890
869
284
606
649
689
125
791
274
605
260
388
373
387
615
517
664
222
613
527
746
114
690
848
417
222
155
118
422
787
217
519
620
301
615
626
834
700
716
522
749
302
487
985
129
424
231
353
189
659
773
469
483
626
977
480
553
536
490
432
870
158
100
614
717
588
382
812
159
774
375
213
783
539
918
845
935
787
547
259
745
918
505
807
435
504
647
974
536
997
101
825
960
422
336
167
334
732
239
112
595
671
530
435
164
717
339
289
921
421
944
826
985
458
891
904
115
493
309
965
570
586
800
899
777
659
839
105
674
515
909
860
432
222
762
493
302
381
413
376
570
238
103
483
975
466
906
691
681
355
517
322
322
507
160
468
237
946
500
261
657
180
416
765
462
752
392
978
186
980
858
869
780
655
937
679
375
437
982
339
652
377
710
341
838
823
143
298
669
382
554
827
532
688
966
155
514
385
740
901
384
302
327
947
378
425
205
750
519
442
245
537
233
871
501
233
270
514
605
328
822
496
432
510
722
508
876
719
269
144
889
266
452
391
251
123
961
783
892
732
310
676
961
832
494
427
637
722
326
834
550
637
611
368
890
166
983
769
774
715
421
324
650
600
772
610
257
956
903
586
970
662
420
112
490
391
292
863
893
362
432
271
324
140
700
255
469
282
380
163
791
785
725
548
238
136
790
972
684
714
290
562
132
838
558
278
223
332
956
401
454
632
568
777
369
564
168
179
340
547
632
192
329
690
291
561
305
713
382
988
694
831
371
595
167
430
740
275
138
258
387
261
123
614
258
267
474
616
729
438
488
105
408
410
180
675
890
474
490
753
195
440
567
753
914
248
850
528
597
619
943
930
657
623
629
930
698
934
243
273
167
661
403
657
570
952
695
204
784
867
716
916
810
497
262
404
989
517
803
986
511
418
186
560
759
709
339
715
263
914
379
328
269
377
205
279
990
483
366
335
369
381
697
461
991
396
502
189
993
716
251
105
492
858
983
970
640
579
974
868
701
171
719
475
442
167
110
331
161
905
612
418
388
100
736
950
359
322
891
361
478
223
850
228
206
589
389
200
509
947
647
111
734
551
112
562
493
411
815
398
135
472
821
959
370
900
284
531
533
606
398
573
651
282
761
582
761
727
162
373
907
821
116
827
625
121
422
652
895
339
530
519
653
307
787
190
231
638
272
459
219
335
478
236
731
923
162
217
317
765
799
844
904
170
285
770
606
209
846
631
541
592
224
232
620
639
818
578
796
450
213
941
728
162
721
180
414
886
822
499
321
552
992
357
267
537
890
741
925
814
496
353
220
183
202
420
944
657
696
633
707
168
302
337
238
934
231
926
464
368
650
145
249
684
273
396
510
153
857
646
406
446
571
122
297
872
690
893
570
474
592
811
337
481
430
326
330
609
618
568
384
593
301
893
760
161
360
141
172
325
404
481
824
519
365
669
980
142
455
634
268
863
975
407
132
925
717
578
645
214
451
197
559
331
948
167
225
405
739
321
700
342
167
944
140
522
944
921
730
726
436
413
389
873
547
651
489
566
567
898
772
478
691
447
719
650
475
852
401
285
256
128
923
597
108
294
211
932
666
514
347
564
869
628
234
957
684
837
717
325
111
299
990
626
668
345
914
719
496
334
910
602
630
726
108
983
640
374
822
537
534
712
351
483
380
670
578
411
659
838
457
527
243
612
394
583
119
332
355
932
123
841
373
118
500
315
871
255
812
106
606
747
143
159
334
651
245
188
499
480
180
702
636
637
746
734
708
128
347
373
464
773
444
503
337
277
865
825
395
127
204
906
323
388
506
669
822
564
438
360
238
462
115
132
417
709
376
820
398
976
501
714
975
743
539
567
328
737
844
669
451
500
199
385
620
171
788
541
203
754
403
998
512
507
152
733
877
374
467
172
825
906
762
490
937
351
178
528
549
882
691
774
859
292
287
376
191
256
582
540
472
503
685
458
629
345
988
431
596
158
157
874
728
574
251
315
318
754
799
417
371
567
293
614
719
945
380
918
175
294
180
932
900
949
218
769
244
771
608
119
477
823
174
324
290
368
198
364
149
595
726
361
808
616
435
279
699
796
688
578
524
165
538
449
408
967
103
450
921
772
452
756
416
668
933
706
457
222
127
938
830
281
257
344
771
624
616
246
892
212
740
237
161
529
148
148
579
431
551
546
570
885
630
960
667
818
427
247
793
914
446
480
425
881
314
561
720
897
784
831
459
611
239
132
357
830
388
443
923
547
813
372
772
289
928
101
296
174
495
899
164
490
396
906
252
641
540
747
644
965
873
512
517
134
384
467
757
482
153
694
978
459
577
216
486
626
647
142
285
874
690
447
908
876
529
557
749
938
419
133
495
938
534
968
627
164
701
609
611
340
785
648
390
806
807
825
626
568
318
588
954
897
737
589
254
245
491
465
822
379
302
974
404
650
692
737
179
220
697
610
545
640
444
834
237
683
960
486
126
152
273
892
703
306
425
649
843
715
187
778
724
548
370
404
497
228
772
372
996
489
385
242
450
867
386
246
656
469
656
513
752
204
861
580
890
822
320
696
583
642
470
575
724
817
360
853
399
465
229
326
174
213
305
399
609
750
983
181
179
286
624
856
466
922
373
301
129
179
772
487
597
677
327
582
516
422
650
190
921
595
466
235
670
448
453
690
401
114
589
741
608
464
982
953
230
731
451
449
847
193
143
523
675
596
571
214
654
343
958
213
230
286
870
855
984
213
871
566
262
202
302
281
736
643
338
405
732
670
215
163
113
586
517
979
350
522
830
187
891
772
198
230
855
788
916
232
176
218
843
482
783
411
610
492
825
629
223
341
765
119
559
118
533
679
660
573
549
198
395
906
180
768
117
855
540
826
624
818
826
970
518
823
668
394
348
233
629
901
816
412
174
767
925
379
486
832
826
498
163
991
921
420
732
251
621
430
580
734
374
479
206
559
525
956
429
804
516
295
166
148
825
767
983
227
191
764
229
737
942
233
515
985
170
266
220
913
996
766
451
439
933
985
228
729
840
936
847
272
510
784
626
796
836
870
424
976
584
544
989
986
618
705
972
722
541
552
730
108
368
277
140
948
766
258
612
686
986
309
512
756
653
939
868
758
262
930
377
283
947
573
882
228
559
512
181
442
753
691
363
637
426
961
370
778
811
332
125
140
331
331
760
340
235
872
441
612
347
634
785
468
295
526
188
135
108
866
898
311
238
866
305
364
260
245
235
176
321
382
838
667
852
690
174
695
609
357
285
746
111
346
525
552
847
138
235
372
686
232
383
624
380
618
362
701
376
556
682
825
214
969
748
671
719
525
528
122
681
858
533
837
128
901
738
908
728
410
312
435
179
839
549
983
442
761
268
945
935
881
763
780
582
198
186
318
224
924
872
489
407
910
604
159
993
212
781
515
329
760
620
508
168
608
911
155
934
507
565
983
541
598
412
728
503
921
759
497
144
879
518
321
890
671
821
220
679
549
688
609
919
895
896
826
728
411
138
628
737
192
889
117
654
172
101
520
810
966
436
251
776
551
870
539
754
437
356
609
512
307
393
705
231
394
746
500
794
955
913
753
814
495
816
631
215
467
315
615
713
673
884
220
658
618
475
858
919
175
376
847
819
944
870
301
238
518
634
389
361
824
210
245
918
128
950
993
380
105
234
286
370
969
908
631
537
792
724
143
667
255
108
390
139
906
934
226
455
937
287
954
604
621
556
116
820
718
649
248
459
600
129
805
501
784
877
775
937
827
722
735
844
519
244
845
961
711
794
516
737
402
276
452
756
631
845
593
596
602
592
428
435
695
589
844
833
604
234
557
289
395
769
758
346
602
374
722
428
930
650
174
599
925
254
682
780
674
918
488
184
505
968
959
931
789
434
295
185
234
377
339
827
538
847
698
241
871
729
994
207
550
645
119
875
103
812
868
162
903
892
837
987
823
139
989
952
916
446
264
336
834
995
636
134
790
205
669
759
390
375
336
544
796
422
700
805
404
973
990
154
448
108
671
197
728
811
578
727
123
803
243
548
213
509
698
966
874
843
371
127
342
151
141
996
579
202
296
937
415
654
241
910
507
537
685
132
905
686
453
638
727
247
151
619
348
780
157
707
972
930
229
250
644
187
665
554
610
572
799
275
166
581
450
679
580
869
274
556
689
983
790
435
453
506
399
808
862
796
579
659
618
350
460
844
647
507
693
257
773
855
812
885
778
634
360
731
539
151
675
137
941
391
686
350
958
748
539
533
590
631
963
448
492
979
710
824
278
432
820
274
974
149
346
665
859
907
396
760
820
478
647
136
315
985
762
370
498
816
607
826
503
255
301
156
850
560
677
762
894
641
115
669
207
262
449
754
162
186
165
210
113
322
446
392
260
108
495
943
768
600
657
792
266
376
253
361
719
377
300
497
931
179
688
391
129
470
620
447
418
613
725
801
272
177
134
571
286
916
516
273
415
386
476
201
679
100
259
113
126
390
830
948
571
273
199
301
478
598
895
372
106
314
504
302
535
575
330
299
580
859
889
391
993
318
147
497
448
114
910
343
463
139
446
372
685
405
160
127
268
922
821
913
678
288
114
568
126
888
301
673
160
879
369
955
186
658
643
961
577
742
743
188
890
160
230
379
823
951
348
177
254
832
285
375
527
699
990
856
878
931
575
644
320
305
135
718
412
330
406
561
989
205
357
414
742
120
864
563
644
396
351
995
596
475
213
301
781
916
753
690
527
645
797
730
500
583
361
118
562
392
197
234
218
485
170
219
290
747
121
849
592
131
748
828
815
314
731
898
763
593
611
138
240
570
106
460
313
221
712
583
893
312
858
517
615
130
880
993
851
550
186
117
733
160
529
779
285
244
434
701
630
137
855
912
843
760
661
237
221
761
657
433
215
965
910
924
573
728
236
582
166
638
973
970
908
213
845
777
268
536
128
374
376
326
488
304
831
927
599
479
329
692
728
867
954
773
709
149
484
918
133
627
323
992
951
619
566
100
310
541
194
126
872
565
246
639
537
806
936
945
429
537
264
990
360
907
759
233
836
996
332
456
679
807
143
215
293
541
954
166
268
395
590
550
352
610
715
321
557
709
116
297
181
410
588
924
825
211
848
603
526
325
543
320
984
723
902
729
102
185
904
957
751
343
572
581
894
198
121
691
381
356
503
928
925
953
995
749
663
201
206
185
769
470
865
764
396
202
455
316
735
513
795
243
452
483
859
669
676
728
980
586
646
495
903
436
352
691
243
385
507
149
140
960
642
625
181
619
453
410
748
117
426
465
212
317
398
175
560
942
748
269
466
944
759
800
298
684
394
748
964
664
704
657
628
554
700
483
533
302
449
709
225
146
265
980
678
224
895
611
866
219
567
250
927
797
364
188
602
753
921
799
730
629
399
135
466
280
216
615
705
564
566
978
319
726
891
794
764
262
388
209
816
167
129
215
604
837
600
585
603
533
589
316
752
994
146
285
723
646
154
387
905
730
907
661
110
921
580
826
651
416
388
404
244
474
911
644
230
151
265
724
690
973
271
211
489
313
623
870
522
391
598
271
462
252
701
931
704
332
588
294
411
116
916
410
317
190
745
440
501
279
519
864
136
688
311
583
284
350
489
153
713
830
257
697
702
875
984
355
516
731
583
917
976
788
602
932
636
611
883
735
199
831
249
130
300
719
762
787
852
203
412
132
777
523
773
441
397
749
144
504
311
963
863
325
830
981
423
665
202
833
211
264
521
635
731
503
516
608
978
308
535
126
441
911
325
149
831
384
170
466
687
283
271
670
901
564
874
446
567
643
260
528
700
164
537
265
729
821
595
152
973
779
556
646
167
792
516
146
714
701
940
955
565
951
103
976
612
790
537
873
703
122
212
781
839
291
132
282
482
322
649
300
287
927
437
165
564
149
197
744
216
230
584
506
286
290
161
259
816
176
639
203
964
216
447
923
268
418
843
804
607
603
976
389
722
487
566
462
149
211
988
140
310
399
178
825
832
147
401
206
919
842
143
876
630
471
723
309
539
480
902
170
207
382
449
390
443
523
343
550
517
795
672
269
449
246
546
835
377
767
860
294
849
193
