10007
10010
10021
10023
10024
10030
10033
10044
10046
10051
10065
10065
10068
10068
10069
10073
10086
10089
10098
10106
10107
10114
10115
10122
10124
10127
10144
10154
10159
10161
10164
10167
10168
10177
10179
10182
10185
10204
10205
10208
10210
10212
10224
10224
10234
10240
10245
10255
10256
10257
10260
10261
10268
10274
10295
10305
10323
10338
10342
10342
10342
10377
10378
10379
10384
10384
10389
10390
10401
10403
10415
10423
10424
10425
10427
10440
10442
10457
10460
10471
10478
10481
10484
10489
10501
10503
10508
10509
10511
10514
10532
10533
10552
10554
10554
10558
10567
10573
10581
10583
10585
10587
10587
10595
10595
10605
10610
10620
10622
10636
10643
10644
10647
10650
10653
10656
10664
10664
10668
10672
10682
10695
10697
10698
10698
10701
10707
10709
10711
10720
10722
10723
10734
10737
10748
10749
10750
10751
10757
10761
10772
10773
10773
10782
10786
10800
10804
10817
10822
10822
10828
10832
10836
10837
10846
10848
10854
10863
10872
10872
10879
10888
10897
10902
10903
10906
10908
10914
10915
10917
10918
10925
10931
10932
10942
10954
10958
10958
10961
10965
10973
10980
10984
10987
10997
10997
10997
10999
11007
11009
11010
11022
11024
11025
11042
11047
11054
11058
11065
11075
11076
11078
11087
11092
11106
11114
11118
11123
11124
11128
11131
11131
11143
11145
11148
11148
11149
11150
11151
11157
11158
11159
11159
11165
11166
11169
11170
11173
11179
11179
11188
11207
11212
11212
11213
11216
11216
11217
11217
11218
11219
11220
11226
11233
11241
11244
11251
11254
11254
11255
11256
11264
11264
11272
11277
11281
11284
11284
11292
11293
11295
11297
11308
11321
11329
11336
11353
11354
11354
11359
11371
11387
11388
11391
11397
11404
11406
11413
11420
11431
11432
11444
11455
11459
11464
11465
11470
11477
11477
11484
11491
11494
11495
11499
11502
11512
11512
11516
11519
11523
11539
11569
11571
11574
11577
11578
11581
11588
11588
11589
11589
11600
11605
11605
11609
11614
11633
11637
11637
11637
11666
11668
11671
11678
11683
11684
11687
11688
11699
11711
11712
11721
11728
11731
11735
11740
11744
11745
11751
11753
11765
11769
11775
11790
11795
11800
11802
11810
11817
11819
11828
11829
11830
11837
11845
11846
11858
11859
11860
11873
11882
11890
11892
11900
11908
11909
11919
11920
11927
11928
11928
11940
11942
11949
11953
11970
11970
11973
11978
11981
11984
11984
11989
11990
11995
11996
11998
11999
12000
12002
12003
12013
12028
12045
12056
12060
12062
12065
12066
12079
12090
12111
12116
12118
12120
12127
12127
12127
12130
12141
12143
12147
12148
12150
12159
12170
12175
12178
12182
12189
12190
12193
12196
12200
12201
12204
12205
12215
12226
12229
12231
12281
12282
12286
12288
12302
12307
12314
12315
12319
12320
12331
12331
12333
12334
12335
12335
12340
12341
12344
12345
12364
12367
12369
12388
12390
12403
12411
12424
12443
12444
12453
12472
12472
12474
12476
12485
12485
12503
12505
12508
12512
12517
12517
12520
12532
12534
12537
12554
12563
12571
12571
12576
12583
12588
12590
12601
12603
12604
12605
12624
12644
12654
12662
12671
12671
12674
12687
12693
12709
12727
12731
12733
12734
12741
12744
12745
12749
12750
12758
12773
12775
12775
12792
12798
12799
12803
12807
12807
12810
12836
12838
12845
12853
12857
12863
12863
12878
12879
12879
12884
12904
12905
12914
12921
12927
12932
12932
12938
12945
12950
12982
12990
12993
13002
13003
13006
13010
13011
13013
13017
13018
13029
13030
13032
13043
13044
13052
13055
13069
13070
13075
13081
13094
13094
13102
13103
13114
13115
13121
13122
13125
13134
13139
13160
13162
13168
13172
13175
13193
13197
13198
13199
13210
13212
13218
13220
13236
13239
13240
13242
13242
13244
13254
13256
13257
13260
13277
13277
13284
13287
13296
13298
13298
13301
13307
13308
13329
13344
13361
13366
13381
13385
13390
13395
13395
13402
13423
13424
13433
13444
13448
13450
13454
13454
13460
13464
13468
13470
13471
13474
13483
13491
13492
13496
13498
13504
13520
13521
13523
13543
13549
13549
13552
13557
13563
13564
13571
13574
13576
13590
13591
13603
13607
13607
13608
13614
13615
13617
13629
13629
13636
13639
13642
13646
13654
13670
13670
13695
13703
13716
13722
13743
13757
13771
13771
13772
13775
13781
13788
13790
13798
13805
13806
13808
13811
13814
13822
13830
13842
13857
13868
13868
13868
13882
13886
13895
13907
13912
13930
13937
13940
13949
13953
13958
13966
13975
13983
13984
13985
14002
14003
14005
14006
14011
14011
14016
14029
14033
14035
14035
14047
14048
14069
14076
14083
14086
14100
14104
14109
14110
14117
14119
14122
14123
14128
14131
14135
14161
14163
14164
14166
14184
14194
14195
14203
14211
14220
14221
14227
14228
14229
14237
14243
14247
14248
14249
14251
14252
14268
14273
14283
14293
14293
14294
14299
14300
14308
14308
14315
14316
14324
14340
14341
14348
14362
14367
14371
14373
14378
14379
14380
14391
14395
14399
14400
14403
14419
14421
14433
14440
14445
14451
14454
14461
14464
14471
14473
14473
14475
14476
14488
14493
14498
14501
14504
14508
14510
14514
14514
14539
14540
14544
14545
14548
14558
14559
14559
14566
14568
14572
14575
14585
14585
14597
14610
14611
14612
14621
14628
14632
14633
14633
14634
14685
14686
14688
14694
14699
14706
14710
14711
14711
14714
14715
14719
14733
14734
14737
14743
14745
14752
14753
14755
14757
14761
14773
14776
14777
14779
14780
14792
14795
14796
14796
14802
14804
14805
14814
14818
14825
14830
14842
14856
14859
14865
14871
14874
14877
14880
14881
14885
14888
14889
14890
14897
14905
14919
14921
14925
14926
14931
14941
14944
14947
14953
14955
14957
14965
14966
14966
14970
14972
14980
14981
14985
14987
14988
14990
14992
15011
15021
15028
15029
15035
15035
15036
15044
15047
15050
15064
15069
15071
15073
15079
15081
15089
15105
15108
15113
15128
15131
15134
15135
15141
15165
15168
15169
15170
15182
15184
15201
15205
15205
15208
15209
15215
15223
15225
15226
15250
15256
15259
15265
15274
15277
15277
15282
15302
15314
15328
15344
15350
15357
15361
15363
15365
15369
15371
15388
15391
15396
15400
15407
15415
15419
15419
15419
15424
15429
15430
15433
15436
15456
15459
15460
15474
15500
15502
15519
15545
15547
15559
15562
15563
15567
15567
15572
15575
15577
15584
15587
15612
15618
15621
15624
15630
15632
15639
15644
15648
15651
15657
15657
15663
15676
15677
15678
15679
15687
15697
15701
15704
15705
15706
15720
15733
15751
15754
15759
15760
15766
15766
15769
15769
15770
15773
15775
15776
15780
15782
15813
15828
15828
15834
15840
15841
15843
15845
15857
15863
15871
15884
15899
15904
15909
15917
15919
15919
15920
15929
15950
15954
15957
15957
15960
15963
15963
15965
15966
15969
15970
15986
15993
15996
15998
16005
16010
16018
16019
16021
16025
16025
16029
16044
16048
16050
16060
16062
16066
16075
16076
16102
16105
16113
16123
16124
16125
16129
16132
16133
16135
16140
16141
16146
16171
16173
16174
16174
16177
16179
16181
16198
16198
16217
16222
16235
16242
16245
16249
16251
16255
16257
16270
16305
16307
16307
16314
16316
16340
16345
16349
16360
16370
16375
16378
16389
16403
16411
16412
16415
16416
16419
16427
16443
16443
16459
16466
16483
16484
16491
16496
16497
16508
16509
16509
16511
16511
16515
16515
16517
16552
16558
16564
16566
16571
16582
16587
16592
16594
16596
16603
16606
16619
16636
16639
16640
16645
16650
16654
16668
16671
16678
16686
16688
16698
16720
16720
16722
16722
16726
16730
16748
16755
16762
16770
16774
16777
16784
16784
16789
16792
16796
16799
16816
16820
16833
16839
16842
16843
16844
16847
16853
16855
16860
16864
16867
16868
16875
16876
16882
16896
16907
16912
16913
16917
16925
16929
16936
16945
16952
16953
16964
16965
16969
16970
16973
16973
16983
16990
17008
17023
17030
17045
17049
17050
17068
17077
17096
17100
17107
17123
17124
17139
17144
17146
17151
17155
17156
17170
17171
17172
17184
17185
17187
17188
17194
17195
17199
17200
17213
17214
17220
17221
17227
17232
17239
17257
17259
17272
17282
17284
17285
17285
17289
17291
17293
17298
17299
17299
17300
17307
17311
17315
17317
17319
17321
17322
17325
17326
17328
17331
17350
17353
17356
17363
17373
17375
17378
17379
17381
17382
17388
17391
17392
17398
17399
17412
17417
17423
17443
17450
17466
17470
17470
17470
17471
17476
17488
17490
17490
17493
17495
17498
17504
17506
17508
17521
17544
17546
17546
17549
17555
17556
17558
17559
17559
17560
17571
17577
17593
17597
17611
17613
17613
17623
17624
17625
17627
17637
17642
17650
17654
17663
17667
17670
17671
17686
17687
17697
17699
17702
17716
17717
17726
17731
17734
17737
17748
17751
17756
17759
17767
17771
17776
17778
17788
17791
17798
17800
17805
17812
17822
17823
17835
17836
17842
17844
17856
17857
17873
17883
17894
17903
17910
17916
17924
17926
17941
17942
17946
17949
17967
17976
17977
17982
17982
17989
17994
17998
18001
18003
18004
18009
18017
18026
18032
18038
18043
18048
18061
18064
18064
18065
18071
18076
18083
18098
18100
18111
18112
18112
18114
18115
18122
18136
18147
18156
18158
18173
18174
18177
18184
18189
18201
18204
18207
18209
18210
18213
18215
18228
18232
18235
18235
18240
18245
18253
18267
18288
18289
18291
18292
18293
18294
18305
18311
18314
18318
18335
18347
18351
18353
18354
18363
18369
18370
18374
18397
18398
18402
18409
18410
18414
18416
18420
18422
18433
18437
18438
18449
18449
18460
18475
18477
18479
18480
18481
18483
18493
18498
18503
18507
18511
18514
18515
18529
18534
18537
18541
18556
18561
18567
18567
18573
18575
18576
18579
18581
18591
18592
18594
18603
18608
18610
18615
18618
18624
18624
18628
18639
18645
18658
18665
18670
18671
18674
18676
18684
18685
18691
18698
18705
18707
18720
18720
18723
18723
18726
18727
18732
18732
18735
18735
18735
18740
18742
18742
18749
18754
18763
18768
18769
18783
18789
18801
18808
18808
18850
18853
18862
18863
18867
18874
18890
18926
18927
18930
18937
18942
18947
18951
18953
18956
18961
18968
18975
18984
18989
18989
18992
18993
19002
19011
19018
19024
19025
19028
19030
19040
19043
19043
19044
19044
19045
19051
19053
19054
19055
19058
19058
19063
19065
19066
19075
19080
19083
19088
19095
19110
19116
19125
19134
19135
19145
19147
19151
19153
19158
19163
19171
19173
19173
19174
19184
19185
19192
19198
19202
19215
19220
19222
19224
19228
19230
19231
19239
19239
19240
19244
19255
19263
19271
19271
19274
19301
19302
19304
19305
19333
19335
19338
19342
19346
19347
19354
19358
19371
19373
19387
19388
19396
19401
19407
19414
19416
19417
19420
19422
19428
19428
19430
19452
19454
19455
19457
19458
19468
19476
19478
19480
19491
19504
19522
19527
19529
19538
19560
19562
19572
19582
19594
19594
19596
19596
19606
19608
19616
19619
19623
19631
19634
19636
19639
19642
19642
19644
19649
19655
19659
19663
19677
19687
19694
19708
19718
19728
19733
19735
19738
19738
19744
19749
19751
19752
19754
19756
19757
19758
19769
19770
19771
19788
19799
19799
19809
19815
19817
19838
19845
19855
19858
19870
19870
19873
19873
19879
19882
19885
19898
19900
19903
19904
19905
19909
19923
19937
19946
19958
19962
19987
19988
20002
20005
20009
20009
20015
20016
20020
20022
20026
20033
20034
20039
20044
20051
20052
20063
20066
20067
20071
20078
20078
20093
20102
20104
20110
20112
20115
20119
20123
20126
20132
20152
20155
20167
20177
20177
20182
20184
20195
20204
20206
20212
20215
20218
20230
20237
20240
20242
20243
20244
20266
20266
20270
20273
20286
20286
20289
20294
20299
20304
20317
20318
20319
20320
20324
20330
20331
20343
20350
20354
20358
20372
20376
20392
20402
20404
20423
20423
20436
20454
20454
20458
20464
20468
20487
20495
20496
20497
20502
20504
20507
20511
20511
20518
20522
20522
20530
20532
20538
20541
20542
20547
20551
20574
20579
20584
20587
20588
20598
20601
20603
20604
20611
20612
20614
20639
20651
20653
20666
20680
20683
20693
20699
20714
20718
20720
20727
20736
20739
20746
20755
20759
20765
20770
20773
20773
20775
20781
20782
20788
20799
20799
20800
20802
20815
20820
20849
20851
20856
20873
20877
20878
20880
20887
20887
20888
20889
20893
20900
20906
20921
20921
20925
20926
20927
20936
20943
20943
20953
20955
20959
20966
20973
20975
20982
20983
20984
20985
20985
20986
20988
20990
20998
21003
21003
21013
21014
21015
21017
21023
21026
21029
21034
21036
21046
21055
21074
21076
21081
21098
21104
21106
21109
21113
21114
21122
21133
21135
21145
21148
21150
21152
21153
21170
21174
21179
21181
21186
21187
21194
21203
21206
21212
21213
21218
21226
21231
21234
21237
21238
21243
21259
21264
21270
21278
21283
21291
21293
21296
21297
21310
21312
21329
21329
21334
21334
21350
21351
21354
21360
21375
21377
21378
21396
21400
21401
21404
21405
21407
21408
21411
21413
21414
21416
21421
21428
21434
21436
21445
21446
21446
21457
21459
21464
21468
21470
21470
21476
21483
21483
21492
21495
21501
21505
21505
21519
21520
21526
21532
21536
21537
21537
21540
21544
21544
21547
21555
21555
21559
21568
21572
21576
21582
21586
21608
21619
21627
21629
21631
21631
21634
21635
21637
21640
21646
21646
21655
21662
21679
21689
21694
21694
21702
21713
21718
21738
21768
21775
21777
21778
21784
21816
21821
21825
21828
21832
21838
21840
21840
21843
21848
21858
21859
21864
21876
21876
21877
21903
21903
21904
21911
21922
21932
21938
21939
21949
21966
21968
21972
21974
21977
21981
21996
22000
22005
22005
22016
22019
22028
22050
22059
22064
22076
22082
22083
22104
22124
22125
22132
22137
22149
22153
22153
22155
22163
22165
22166
22166
22172
22175
22176
22180
22180
22181
22188
22188
22189
22191
22192
22194
22195
22195
22197
22202
22206
22211
22215
22216
22217
22224
22225
22225
22226
22226
22231
22231
22239
22243
22243
22254
22258
22259
22295
22301
22303
22305
22316
22342
22345
22347
22350
22368
22376
22377
22397
22400
22414
22414
22421
22427
22434
22445
22459
22460
22475
22485
22487
22492
22509
22522
22526
22528
22534
22535
22542
22553
22555
22562
22563
22563
22568
22576
22577
22615
22630
22637
22641
22657
22658
22674
22675
22690
22696
22707
22708
22710
22714
22717
22719
22724
22725
22726
22732
22739
22740
22747
22751
22753
22756
22763
22780
22784
22785
22786
22787
22790
22798
22806
22808
22827
22827
22830
22840
22843
22844
22848
22850
22853
22857
22861
22866
22870
22878
22880
22881
22883
22886
22891
22901
22908
22925
22925
22928
22930
22932
22939
22941
22950
22952
22964
22965
22984
22986
22998
22999
22999
23011
23014
23020
23022
23024
23027
23028
23029
23031
23031
23037
23057
23059
23064
23086
23094
23130
23135
23136
23148
23160
23173
23173
23175
23176
23179
23189
23191
23191
23192
23192
23202
23214
23219
23229
23242
23253
23255
23257
23261
23261
23267
23269
23281
23288
23289
23292
23293
23295
23297
23299
23300
23302
23309
23310
23315
23319
23325
23338
23343
23343
23345
23350
23364
23381
23390
23397
23401
23404
23414
23415
23422
23422
23435
23438
23444
23448
23457
23480
23480
23481
23486
23492
23504
23510
23513
23520
23521
23521
23525
23526
23529
23538
23545
23553
23561
23564
23567
23575
23579
23589
23602
23605
23606
23617
23625
23633
23635
23636
23639
23648
23657
23658
23662
23663
23664
23674
23682
23684
23688
23690
23703
23707
23717
23723
23723
23733
23738
23748
23751
23759
23762
23765
23766
23777
23779
23780
23781
23781
23781
23799
23802
23803
23813
23816
23823
23848
23855
23858
23862
23866
23869
23870
23871
23877
23888
23902
23918
23932
23933
23933
23935
23937
23940
23940
23948
23949
23966
23966
23973
23988
23988
23997
24011
24011
24026
24030
24034
24035
24054
24056
24059
24064
24067
24067
24068
24069
24072
24082
24084
24092
24093
24111
24112
24128
24128
24137
24146
24152
24157
24166
24170
24174
24176
24181
24182
24182
24187
24192
24192
24199
24199
24199
24206
24214
24218
24222
24226
24228
24232
24232
24235
24249
24254
24256
24266
24276
24284
24297
24297
24299
24311
24311
24315
24316
24321
24323
24326
24327
24333
24335
24340
24344
24345
24352
24357
24360
24376
24378
24384
24390
24396
24399
24403
24408
24408
24410
24412
24412
24413
24418
24427
24434
24435
24442
24452
24461
24462
24463
24474
24475
24476
24488
24490
24495
24496
24504
24510
24523
24535
24546
24549
24557
24562
24562
24565
24568
24574
24575
24590
24592
24593
24599
24611
24622
24626
24628
24639
24640
24641
24658
24678
24680
24684
24693
24695
24698
24706
24712
24714
24717
24724
24739
24743
24745
24747
24749
24750
24756
24758
24776
24776
24788
24789
24789
24794
24798
24801
24801
24806
24808
24809
24813
24815
24815
24821
24837
24840
24859
24861
24870
24877
24887
24911
24934
24938
24938
24941
24966
24968
24969
24977
24981
24982
24990
24993
24995
25007
25008
25012
25012
25018
25025
25025
25030
25034
25039
25046
25079
25101
25106
25114
25123
25126
25131
25138
25142
25142
25155
25163
25166
25171
25179
25182
25184
25190
25195
25196
25201
25206
25221
25227
25230
25230
25247
25251
25264
25265
25268
25276
25277
25277
25284
25296
25299
25313
25314
25318
25318
25321
25323
25352
25357
25361
25363
25375
25379
25381
25394
25395
25398
25400
25403
25410
25411
25419
25434
25446
25449
25459
25466
25468
25469
25471
25472
25481
25489
25492
25493
25493
25499
25500
25506
25518
25518
25518
25523
25527
25532
25539
25546
25547
25552
25554
25558
25564
25570
25576
25589
25598
25616
25620
25630
25634
25636
25653
25659
25665
25684
25684
25685
25685
25699
25704
25705
25706
25720
25720
25720
25724
25727
25729
25745
25749
25756
25757
25759
25769
25775
25793
25797
25798
25799
25802
25807
25807
25809
25811
25812
25815
25821
25821
25825
25839
25840
25857
25862
25869
25871
25878
25878
25886
25887
25888
25894
25901
25905
25909
25910
25923
25924
25927
25928
25933
25938
25942
25946
25949
25959
25971
25980
25983
25990
25992
25992
25993
25993
26006
26017
26021
26021
26025
26030
26031
26032
26033
26033
26046
26050
26058
26059
26061
26061
26065
26073
26075
26090
26094
26094
26099
26102
26110
26113
26115
26121
26127
26129
26143
26146
26148
26151
26160
26163
26163
26165
26174
26179
26184
26185
26185
26194
26194
26201
26213
26219
26227
26233
26240
26240
26256
26266
26277
26280
26283
26291
26292
26298
26305
26305
26305
26311
26315
26317
26332
26333
26340
26340
26366
26367
26374
26375
26378
26379
26407
26414
26422
26426
26454
26456
26463
26470
26475
26476
26488
26492
26492
26496
26499
26509
26514
26517
26518
26523
26524
26535
26535
26546
26551
26553
26558
26568
26573
26573
26595
26596
26602
26606
26610
26618
26620
26625
26630
26634
26639
26640
26649
26656
26658
26662
26662
26665
26666
26668
26669
26671
26671
26675
26676
26681
26693
26695
26695
26697
26698
26701
26702
26709
26724
26740
26741
26742
26759
26767
26768
26770
26777
26782
26782
26783
26788
26789
26791
26796
26802
26804
26824
26825
26825
26829
26829
26842
26842
26843
26858
26859
26862
26863
26865
26867
26877
26879
26884
26887
26891
26895
26897
26901
26902
26921
26924
26927
26928
26935
26942
26944
26961
26964
26974
26986
27012
27014
27019
27019
27023
27030
27044
27050
27051
27053
27075
27078
27082
27082
27093
27094
27101
27103
27105
27109
27114
27117
27119
27126
27128
27128
27130
27131
27148
27148
27150
27166
27174
27175
27179
27181
27191
27194
27204
27235
27237
27237
27237
27240
27240
27241
27246
27246
27251
27252
27253
27260
27260
27261
27264
27269
27272
27289
27290
27298
27298
27314
27322
27323
27324
27327
27330
27339
27341
27342
27361
27367
27369
27373
27375
27380
27384
27385
27386
27387
27388
27393
27402
27404
27408
27412
27414
27415
27416
27424
27425
27429
27433
27434
27436
27439
27440
27442
27452
27462
27466
27481
27487
27498
27503
27509
27515
27520
27521
27528
27529
27557
27559
27569
27578
27581
27583
27584
27589
27590
27592
27592
27597
27597
27599
27602
27610
27610
27613
27617
27626
27641
27651
27659
27659
27673
27682
27685
27690
27692
27694
27701
27708
27717
27726
27728
27729
27729
27739
27742
27756
27762
27776
27779
27784
27803
27804
27812
27819
27826
27831
27844
27846
27864
27867
27872
27875
27888
27888
27892
27894
27899
27901
27912
27937
27948
27950
27951
27951
27961
27974
27984
27999
28004
28037
28041
28046
28046
28048
28052
28053
28054
28056
28076
28079
28086
28093
28093
28100
28102
28102
28108
28109
28135
28137
28143
28146
28149
28149
28163
28163
28185
28192
28195
28204
28204
28204
28208
28212
28212
28217
28228
28239
28246
28263
28266
28267
28267
28270
28278
28282
28284
28287
28291
28297
28307
28316
28318
28321
28325
28335
28347
28350
28362
28363
28371
28374
28378
28392
28401
28406
28407
28409
28417
28418
28418
28424
28435
28437
28449
28449
28450
28464
28471
28473
28477
28481
28491
28493
28498
28498
28499
28512
28513
28514
28517
28521
28525
28526
28546
28551
28565
28567
28569
28569
28584
28589
28595
28598
28601
28607
28607
28610
28616
28621
28625
28628
28632
28635
28635
28640
28645
28649
28654
28654
28660
28661
28673
28677
28680
28680
28687
28696
28704
28708
28730
28737
28738
28750
28750
28752
28753
28753
28768
28773
28773
28774
28776
28778
28785
28790
28797
28798
28805
28815
28822
28840
28849
28852
28853
28855
28857
28860
28865
28866
28883
28886
28887
28890
28893
28908
28912
28912
28918
28921
28932
28942
28962
28963
28964
28967
28973
28979
28996
28996
29026
29030
29036
29042
29049
29054
29057
29057
29058
29058
29060
29061
29068
29073
29079
29092
29093
29098
29098
29099
29104
29104
29106
29113
29118
29131
29136
29137
29148
29155
29156
29157
29158
29161
29182
29189
29206
29212
29214
29231
29231
29232
29236
29238
29241
29241
29246
29254
29261
29263
29278
29285
29286
29297
29302
29323
29326
29335
29341
29342
29343
29343
29348
29350
29351
29359
29364
29372
29376
29379
29383
29394
29398
29412
29412
29420
29424
29432
29434
29438
29441
29442
29449
29450
29450
29456
29464
29470
29474
29474
29479
29481
29485
29486
29486
29487
29491
29491
29499
29502
29504
29506
29509
29513
29519
29520
29557
29567
29570
29575
29578
29583
29592
29595
29598
29606
29611
29615
29618
29641
29641
29641
29642
29643
29652
29659
29662
29664
29667
29678
29680
29682
29687
29692
29694
29695
29704
29713
29725
29736
29740
29743
29749
29754
29763
29767
29770
29792
29793
29802
29807
29811
29812
29816
29821
29822
29824
29832
29834
29834
29835
29864
29869
29869
29885
29890
29892
29903
29909
29927
29937
29938
29948
29956
29961
29962
29966
29967
29969
29981
29993
30015
30017
30027
30029
30032
30032
30042
30044
30053
30081
30083
30088
30089
30101
30112
30117
30123
30124
30133
30136
30147
30156
30160
30161
30178
30179
30180
30189
30192
30194
30197
30206
30221
30228
30239
30240
30241
30245
30248
30248
30264
30265
30266
30267
30271
30291
30294
30298
30301
30301
30309
30310
30318
30320
30322
30344
30348
30349
30351
30357
30358
30363
30365
30376
30389
30390
30397
30399
30401
30403
30419
30422
30426
30433
30434
30444
30447
30451
30453
30455
30460
30481
30487
30490
30493
30497
30504
30506
30510
30514
30515
30518
30518
30538
30539
30547
30550
30551
30551
30568
30577
30578
30580
30599
30599
30601
30612
30616
30616
30619
30621
30626
30627
30630
30631
30637
30643
30644
30663
30666
30666
30669
30671
30673
30677
30679
30680
30685
30700
30700
30702
30705
30708
30708
30711
30714
30719
30722
30728
30736
30743
30744
30745
30747
30747
30748
30771
30775
30777
30783
30785
30793
30795
30799
30812
30826
30827
30833
30837
30837
30840
30842
30845
30846
30856
30857
30857
30863
30865
30872
30881
30884
30885
30893
30893
30895
30899
30901
30902
30903
30904
30907
30908
30908
30909
30918
30938
30943
30944
30946
30952
30953
30957
30957
30961
30963
30970
30981
30983
30985
30986
30998
30998
31006
31016
31020
31043
31047
31050
31059
31062
31065
31067
31071
31075
31084
31091
31098
31099
31113
31120
31122
31136
31143
31147
31150
31160
31165
31165
31172
31173
31178
31186
31188
31189
31190
31192
31195
31196
31210
31224
31228
31234
31241
31242
31258
31262
31263
31267
31268
31270
31271
31276
31277
31283
31284
31295
31296
31307
31307
31312
31320
31321
31322
31330
31330
31380
31385
31385
31393
31397
31402
31415
31415
31425
31429
31431
31436
31443
31446
31454
31455
31470
31477
31492
31494
31497
31504
31508
31512
31517
31527
31530
31531
31534
31552
31554
31561
31570
31571
31576
31590
31591
31594
31606
31612
31617
31618
31633
31637
31639
31645
31653
31659
31660
31660
31664
31668
31670
31673
31676
31677
31678
31681
31685
31700
31705
31708
31713
31716
31721
31721
31740
31744
31746
31750
31757
31759
31761
31762
31764
31767
31773
31793
31800
31803
31804
31815
31821
31822
31823
31826
31828
31833
31835
31836
31860
31862
31882
31886
31890
31892
31893
31898
31901
31905
31909
31911
31912
31915
31921
31922
31929
31930
31931
31935
31937
31944
31945
31950
31957
31959
31965
31967
31969
31985
31995
32005
32010
32018
32019
32025
32028
32031
32040
32043
32062
32063
32063
32064
32073
32083
32089
32091
32094
32097
32102
32124
32131
32132
32145
32148
32155
32156
32161
32162
32167
32169
32182
32182
32187
32194
32194
32197
32200
32201
32205
32207
32207
32217
32218
32218
32219
32223
32224
32226
32229
32235
32239
32253
32266
32269
32272
32275
32281
32287
32292
32292
32307
32308
32309
32312
32321
32322
32322
32324
32326
32334
32338
32346
32370
32370
32373
32376
32381
32383
32385
32387
32395
32396
32396
32400
32401
32404
32407
32412
32421
32422
32426
32430
32431
32439
32441
32442
32442
32450
32457
32480
32481
32486
32490
32494
32495
32499
32504
32511
32515
32516
32544
32546
32549
32551
32562
32570
32573
32579
32582
32584
32587
32591
32595
32604
32610
32626
32630
32630
32631
32634
32635
32642
32646
32646
32663
32667
32667
32674
32684
32690
32691
32692
32703
32714
32720
32724
32750
32755
32763
32767
32767
32769
32769
32775
32784
32802
32808
32823
32833
32834
32843
32850
32851
32853
32853
32857
32858
32861
32872
32874
32884
32894
32899
32924
32924
32936
32937
32974
32980
32987
32988
32988
32997
32997
33004
33007
33007
33012
33012
33016
33028
33029
33035
33040
33049
33056
33058
33068
33070
33075
33081
33084
33093
33099
33099
33129
33130
33138
33140
33140
33152
33158
33159
33165
33165
33193
33198
33199
33200
33201
33202
33207
33210
33210
33220
33221
33221
33222
33223
33226
33240
33244
33246
33248
33253
33255
33257
33263
33272
33282
33286
33290
33308
33309
33312
33327
33338
33348
33355
33359
33378
33379
33385
33389
33390
33397
33397
33417
33423
33428
33430
33431
33432
33435
33455
33466
33467
33468
33471
33486
33487
33492
33493
33495
33495
33496
33504
33517
33524
33526
33529
33529
33530
33531
33533
33548
33551
33554
33557
33562
33570
33571
33584
33585
33585
33587
33588
33588
33597
33598
33602
33603
33604
33614
33618
33632
33636
33644
33648
33663
33677
33679
33680
33680
33684
33688
33699
33702
33704
33708
33709
33716
33720
33731
33738
33741
33745
33746
33746
33749
33749
33753
33757
33758
33765
33765
33776
33776
33780
33788
33794
33799
33800
33803
33821
33837
33838
33857
33861
33862
33863
33864
33865
33881
33883
33889
33889
33913
33914
33920
33921
33932
33934
33949
33956
33963
33975
33981
33987
34000
34002
34006
34014
34026
34031
34046
34049
34056
34057
34062
34070
34071
34071
34074
34075
34075
34077
34087
34107
34109
34117
34119
34130
34131
34135
34163
34179
34190
34200
34203
34204
34206
34208
34208
34209
34218
34221
34223
34224
34239
34243
34245
34247
34248
34251
34251
34254
34256
34280
34280
34280
34306
34307
34312
34317
34317
34327
34339
34341
34355
34361
34363
34372
34399
34403
34403
34404
34424
34429
34436
34444
34453
34461
34466
34468
34473
34473
34476
34484
34484
34493
34498
34501
34508
34517
34517
34519
34519
34521
34534
34544
34546
34549
34555
34559
34562
34572
34576
34578
34585
34587
34592
34593
34601
34603
34604
34611
34611
34615
34621
34621
34628
34646
34657
34658
34659
34663
34670
34674
34675
34678
34686
34700
34704
34707
34713
34725
34739
34749
34756
34774
34777
34778
34781
34785
34797
34809
34811
34812
34813
34822
34823
34830
34831
34832
34842
34844
34845
34849
34858
34867
34872
34881
34885
34887
34906
34913
34920
34921
34923
34932
34938
34939
34944
34952
34962
34962
34972
34981
34987
35000
35010
35010
35014
35015
35031
35032
35033
35036
35039
35040
35044
35046
35052
35054
35058
35058
35062
35062
35072
35072
35074
35087
35092
35098
35109
35109
35113
35120
35127
35131
35136
35137
35141
35143
35146
35147
35149
35149
35150
35155
35163
35167
35167
35174
35184
35207
35217
35217
35221
35222
35227
35229
35242
35243
35244
35262
35270
35272
35278
35284
35294
35295
35302
35307
35309
35309
35312
35327
35334
35334
35345
35348
35348
35359
35362
35362
35370
35371
35382
35397
35403
35406
35409
35412
35418
35420
35422
35430
35441
35449
35461
35462
35464
35465
35465
35474
35477
35478
35482
35484
35485
35493
35498
35519
35523
35534
35540
35542
35543
35543
35544
35553
35554
35556
35567
35568
35570
35572
35573
35573
35573
35589
35599
35599
35602
35604
35606
35611
35614
35620
35626
35634
35636
35644
35649
35654
35673
35675
35685
35694
35704
35705
35710
35710
35712
35718
35719
35724
35725
35725
35728
35736
35737
35741
35754
35754
35757
35762
35767
35771
35779
35780
35784
35785
35787
35788
35795
35796
35797
35802
35807
35819
35819
35820
35826
35837
35840
35843
35845
35856
35872
35872
35874
35884
35889
35893
35893
35894
35909
35909
35919
35923
35925
35927
35929
35932
35936
35941
35947
35953
35957
35959
35963
35966
35966
35968
35979
35992
35992
35995
35996
35997
36006
36007
36030
36035
36036
36050
36051
36053
36058
36062
36067
36074
36074
36075
36085
36091
36091
36094
36103
36108
36111
36111
36112
36119
36126
36137
36138
36140
36159
36163
36168
36169
36174
36174
36175
36183
36194
36207
36220
36225
36227
36230
36236
36252
36253
36255
36256
36263
36265
36277
36283
36285
36306
36313
36336
36347
36348
36352
36360
36365
36366
36367
36369
36373
36381
36382
36385
36387
36387
36395
36400
36406
36409
36414
36422
36426
36428
36432
36435
36440
36450
36460
36469
36490
36494
36503
36515
36518
36519
36524
36529
36537
36542
36542
36544
36554
36569
36578
36585
36587
36588
36590
36590
36598
36614
36642
36644
36649
36650
36661
36662
36666
36668
36668
36669
36682
36682
36690
36692
36692
36695
36701
36703
36705
36707
36716
36722
36727
36727
36741
36742
36742
36750
36763
36777
36782
36783
36796
36796
36813
36814
36814
36816
36819
36825
36829
36836
36840
36847
36848
36849
36852
36852
36858
36864
36867
36877
36879
36885
36894
36895
36911
36921
36930
36942
36951
36956
36956
36961
36974
36976
36978
36981
36991
36999
37005
37013
37013
37035
37043
37045
37045
37053
37060
37064
37065
37068
37068
37086
37094
37095
37100
37102
37115
37118
37121
37122
37122
37127
37134
37144
37157
37166
37176
37179
37179
37212
37218
37221
37223
37233
37235
37249
37250
37263
37268
37272
37276
37281
37296
37296
37303
37314
37317
37361
37372
37379
37386
37389
37404
37419
37428
37428
37428
37438
37455
37461
37464
37473
37474
37475
37480
37512
37533
37534
37535
37546
37555
37559
37561
37563
37575
37576
37576
37578
37581
37605
37605
37606
37606
37610
37612
37618
37626
37628
37640
37644
37646
37656
37663
37667
37667
37672
37672
37684
37688
37689
37690
37690
37697
37703
37708
37710
37712
37716
37720
37724
37729
37731
37733
37736
37741
37752
37753
37761
37768
37771
37777
37780
37788
37795
37811
37813
37820
37821
37821
37824
37824
37827
37829
37847
37848
37863
37866
37869
37870
37872
37878
37882
37888
37897
37901
37915
37926
37932
37939
37941
37944
37957
37957
37962
37978
37982
37983
37985
37992
37996
38007
38007
38011
38019
38024
38032
38041
38056
38057
38072
38075
38079
38081
38082
38088
38097
38098
38100
38104
38114
38130
38136
38142
38151
38157
38160
38165
38173
38179
38181
38185
38186
38198
38208
38214
38223
38227
38227
38235
38236
38251
38251
38252
38255
38286
38294
38303
38308
38325
38331
38334
38357
38373
38384
38384
38390
38391
38392
38409
38410
38410
38416
38423
38427
38430
38432
38434
38434
38446
38465
38465
38466
38467
38480
38483
38486
38492
38498
38499
38511
38519
38553
38554
38556
38568
38568
38572
38589
38590
38602
38603
38606
38613
38615
38619
38626
38631
38633
38640
38640
38643
38644
38659
38659
38661
38665
38669
38686
38687
38698
38698
38711
38715
38720
38730
38732
38737
38738
38745
38751
38762
38764
38765
38767
38777
38781
38783
38797
38799
38799
38806
38809
38817
38818
38825
38836
38837
38841
38847
38850
38860
38867
38869
38873
38875
38896
38899
38901
38912
38935
38936
38937
38938
38940
38944
38948
38949
38951
38951
38952
38953
38957
38959
38969
38970
38976
38977
38981
38984
39007
39025
39033
39038
39043
39050
39057
39073
39081
39092
39100
39101
39105
39105
39110
39116
39117
39122
39127
39133
39140
39147
39148
39152
39158
39160
39183
39185
39198
39201
39202
39206
39209
39211
39213
39223
39224
39226
39229
39242
39247
39251
39253
39255
39259
39262
39270
39278
39286
39290
39291
39294
39296
39303
39303
39311
39311
39312
39325
39327
39333
39337
39337
39337
39353
39371
39381
39411
39411
39413
39416
39423
39429
39448
39449
39449
39449
39457
39458
39459
39459
39465
39468
39484
39484
39499
39501
39509
39512
39549
39555
39557
39566
39567
39572
39575
39576
39582
39585
39590
39597
39600
39602
39604
39611
39612
39620
39628
39641
39645
39648
39649
39656
39668
39688
39688
39689
39701
39714
39731
39731
39731
39733
39737
39738
39743
39745
39750
39752
39786
39796
39817
39830
39831
39840
39842
39847
39848
39855
39865
39869
39872
39872
39875
39878
39879
39880
39885
39892
39894
39894
39897
39902
39910
39910
39919
39930
39937
39939
39940
39940
39960
39960
39975
39993
39995
40001
40006
40007
40009
40014
40017
40021
40022
40040
40048
40055
40059
40085
40088
40092
40099
40102
40105
40110
40112
40114
40119
40126
40126
40128
40132
40145
40153
40160
40164
40171
40172
40175
40179
40182
40190
40195
40209
40213
40219
40219
40220
40221
40241
40249
40250
40262
40264
40267
40291
40302
40305
40305
40313
40314
40318
40327
40328
40332
40333
40338
40340
40344
40345
40346
40352
40364
40367
40377
40379
40382
40394
40401
40402
40403
40406
40417
40418
40426
40426
40427
40431
40432
40441
40442
40443
40445
40450
40452
40455
40456
40473
40480
40481
40485
40490
40495
40498
40526
40533
40534
40541
40544
40544
40546
40548
40552
40552
40559
40560
40563
40568
40571
40572
40572
40587
40588
40598
40599
40599
40603
40607
40607
40609
40624
40631
40668
40669
40674
40676
40693
40707
40713
40725
40730
40738
40750
40751
40753
40756
40764
40770
40772
40776
40777
40789
40791
40804
40808
40812
40812
40814
40826
40828
40838
40851
40851
40853
40865
40869
40871
40872
40877
40912
40916
40919
40927
40934
40938
40950
40954
40956
40959
40963
40965
40966
40980
40985
41014
41016
41026
41027
41030
41031
41040
41051
41053
41055
41059
41059
41066
41084
41088
41088
41093
41095
41096
41102
41128
41130
41132
41154
41165
41168
41171
41184
41197
41207
41214
41216
41216
41224
41233
41234
41234
41255
41258
41260
41260
41261
41264
41275
41281
41285
41293
41295
41296
41297
41306
41313
41316
41318
41321
41323
41323
41327
41337
41343
41349
41356
41358
41362
41374
41379
41389
41392
41392
41392
41401
41403
41407
41409
41413
41414
41420
41426
41428
41429
41429
41440
41445
41452
41463
41465
41472
41473
41475
41478
41481
41493
41510
41510
41511
41518
41529
41532
41552
41553
41555
41557
41558
41561
41564
41573
41593
41594
41599
41601
41602
41605
41607
41615
41632
41643
41654
41661
41662
41668
41686
41689
41693
41696
41705
41709
41717
41725
41727
41734
41737
41742
41760
41761
41762
41763
41763
41767
41772
41781
41796
41798
41805
41805
41814
41821
41823
41825
41831
41858
41863
41868
41876
41886
41889
41892
41896
41905
41920
41934
41939
41941
41952
41955
41959
41987
41987
41988
42002
42013
42024
42026
42029
42033
42037
42049
42057
42062
42069
42069
42079
42090
42091
42097
42101
42108
42112
42130
42134
42135
42140
42145
42146
42159
42166
42171
42175
42179
42195
42198
42203
42203
42204
42209
42213
42216
42218
42221
42222
42224
42228
42229
42238
42238
42240
42249
42255
42261
42267
42272
42273
42274
42276
42295
42303
42303
42308
42324
42329
42332
42339
42342
42343
42346
42351
42353
42355
42355
42358
42360
42362
42378
42392
42398
42410
42419
42424
42431
42441
42449
42452
42458
42476
42477
42479
42488
42509
42510
42510
42513
42515
42518
42526
42530
42535
42547
42551
42558
42560
42563
42564
42572
42578
42591
42594
42604
42604
42614
42614
42616
42622
42625
42649
42651
42657
42662
42662
42664
42678
42680
42689
42692
42697
42711
42714
42717
42726
42728
42729
42733
42739
42744
42748
42749
42758
42773
42774
42781
42783
42789
42790
42796
42797
42806
42807
42812
42817
42839
42848
42850
42862
42864
42866
42867
42874
42879
42882
42882
42888
42890
42892
42895
42895
42904
42907
42919
42919
42925
42927
42944
42947
42949
42957
42961
42961
42963
42965
42973
42976
42986
43011
43014
43016
43020
43023
43034
43037
43049
43051
43054
43055
43067
43068
43074
43090
43094
43094
43097
43108
43112
43120
43131
43138
43156
43180
43180
43181
43197
43198
43201
43207
43212
43220
43232
43242
43250
43254
43268
43270
43271
43285
43287
43304
43309
43309
43318
43329
43330
43335
43337
43343
43354
43359
43370
43383
43395
43396
43403
43403
43422
43423
43423
43428
43430
43443
43446
43450
43454
43470
43477
43478
43486
43494
43501
43506
43511
43515
43517
43526
43526
43528
43531
43532
43538
43543
43543
43549
43552
43564
43565
43565
43565
43570
43575
43576
43576
43588
43589
43598
43599
43601
43621
43623
43624
43632
43647
43649
43652
43655
43660
43661
43672
43674
43680
43686
43696
43707
43712
43716
43722
43726
43730
43735
43752
43753
43760
43768
43769
43773
43782
43801
43802
43803
43805
43813
43814
43822
43822
43826
43828
43838
43840
43847
43851
43852
43853
43855
43858
43859
43870
43870
43894
43894
43895
43899
43900
43901
43924
43928
43933
43933
43935
43935
43935
43936
43952
43961
43963
43965
43981
43986
43991
43994
43995
43998
43998
44003
44010
44015
44016
44021
44026
44030
44042
44045
44051
44052
44062
44063
44066
44076
44086
44090
44098
44099
44100
44107
44114
44120
44121
44125
44125
44140
44141
44146
44149
44159
44168
44174
44182
44182
44184
44185
44185
44193
44204
44207
44208
44213
44221
44223
44225
44227
44231
44236
44239
44244
44254
44263
44266
44272
44284
44285
44286
44286
44292
44303
44307
44314
44318
44327
44328
44329
44345
44348
44353
44366
44367
44369
44373
44381
44381
44384
44395
44400
44406
44408
44409
44423
44423
44428
44429
44429
44432
44434
44442
44453
44462
44464
44491
44499
44514
44523
44525
44526
44528
44529
44550
44559
44562
44564
44565
44579
44583
44587
44590
44594
44594
44599
44600
44606
44612
44618
44619
44626
44628
44637
44642
44650
44659
44669
44671
44674
44686
44701
44711
44714
44719
44723
44728
44737
44752
44755
44756
44758
44767
44768
44772
44774
44774
44780
44810
44810
44813
44822
44824
44838
44844
44847
44848
44855
44857
44861
44864
44870
44884
44886
44887
44893
44894
44915
44925
44938
44938
44938
44941
44944
44950
44958
44959
44965
44975
44979
44993
44995
44997
45000
45001
45003
45006
45019
45027
45027
45028
45034
45040
45058
45064
45072
45079
45083
45095
45101
45104
45119
45139
45158
45161
45167
45167
45185
45185
45192
45196
45203
45206
45210
45213
45214
45225
45246
45248
45248
45259
45266
45284
45291
45291
45304
45309
45313
45317
45319
45323
45332
45332
45332
45335
45335
45341
45343
45345
45381
45396
45398
45402
45402
45405
45407
45407
45410
45425
45444
45453
45457
45458
45460
45462
45463
45466
45470
45470
45475
45481
45486
45495
45496
45506
45506
45509
45517
45518
45522
45529
45542
45550
45553
45562
45563
45577
45587
45606
45620
45624
45635
45639
45654
45657
45662
45663
45667
45680
45704
45706
45716
45723
45731
45757
45764
45769
45771
45783
45784
45785
45786
45790
45792
45796
45797
45799
45805
45807
45809
45812
45813
45815
45818
45820
45824
45843
45849
45853
45863
45867
45871
45873
45878
45883
45894
45914
45916
45919
45921
45926
45936
45937
45940
45951
45956
45959
45963
45969
45971
45974
45975
45976
45980
45986
45988
46000
46002
46009
46018
46030
46032
46041
46041
46043
46046
46047
46048
46066
46069
46069
46072
46082
46088
46089
46090
46103
46106
46108
46113
46122
46131
46151
46158
46163
46164
46165
46166
46166
46170
46190
46192
46205
46240
46244
46245
46251
46252
46255
46269
46269
46276
46281
46297
46297
46307
46308
46309
46335
46341
46341
46342
46346
46352
46352
46359
46362
46365
46366
46370
46376
46382
46384
46384
46384
46388
46389
46395
46395
46400
46408
46413
46437
46438
46445
46449
46451
46458
46460
46470
46471
46472
46476
46477
46480
46483
46483
46486
46502
46507
46513
46522
46526
46534
46535
46541
46541
46542
46553
46562
46567
46573
46574
46577
46578
46584
46620
46621
46624
46625
46635
46638
46646
46649
46669
46675
46677
46680
46681
46690
46693
46700
46703
46749
46785
46795
46801
46802
46809
46816
46819
46825
46826
46831
46840
46843
46850
46857
46857
46860
46867
46874
46875
46878
46878
46878
46880
46888
46902
46905
46907
46927
46931
46937
46939
46940
46941
46956
46960
46967
46971
46971
46979
46984
46987
46989
46999
47009
47009
47016
47032
47037
47039
47040
47040
47041
47043
47044
47047
47066
47074
47074
47075
47081
47082
47087
47099
47110
47114
47123
47127
47137
47139
47144
47159
47162
47163
47164
47166
47167
47177
47179
47179
47179
47181
47184
47189
47190
47192
47206
47225
47225
47227
47233
47235
47245
47247
47255
47273
47277
47279
47279
47281
47281
47288
47289
47289
47295
47298
47309
47316
47319
47320
47321
47325
47335
47339
47340
47341
47358
47359
47359
47360
47361
47364
47370
47374
47378
47380
47392
47392
47394
47400
47400
47409
47412
47422
47423
47429
47434
47436
47439
47455
47460
47461
47463
47465
47468
47473
47475
47476
47477
47485
47496
47499
47505
47522
47525
47526
47530
47531
47545
47554
47556
47565
47594
47597
47603
47605
47613
47626
47633
47635
47636
47639
47640
47646
47657
47661
47675
47676
47687
47692
47692
47696
47708
47719
47720
47724
47728
47728
47732
47733
47736
47738
47756
47767
47770
47774
47775
47781
47783
47785
47786
47790
47791
47792
47805
47805
47806
47808
47825
47836
47838
47848
47856
47866
47874
47875
47880
47882
47893
47912
47918
47926
47927
47942
47948
47959
47959
47961
47961
47961
47962
47963
47966
47970
47971
47974
47981
47990
47993
47994
48000
48004
48007
48017
48018
48028
48029
48030
48055
48057
48060
48061
48071
48073
48074
48083
48085
48085
48091
48101
48102
48106
48113
48117
48119
48126
48133
48134
48144
48145
48159
48161
48173
48178
48184
48185
48189
48192
48198
48199
48204
48204
48205
48209
48209
48243
48252
48252
48257
48261
48268
48269
48274
48290
48290
48293
48297
48300
48304
48304
48329
48331
48334
48345
48348
48349
48364
48375
48399
48400
48404
48409
48424
48427
48432
48436
48437
48443
48443
48444
48455
48458
48462
48463
48468
48468
48469
48470
48473
48476
48481
48494
48500
48502
48515
48528
48535
48536
48539
48539
48542
48549
48552
48563
48565
48570
48571
48578
48581
48582
48582
48584
48586
48610
48615
48617
48623
48629
48640
48642
48648
48657
48659
48660
48662
48675
48676
48685
48695
48696
48697
48700
48707
48709
48709
48723
48724
48724
48728
48734
48736
48748
48749
48752
48768
48770
48789
48790
48792
48793
48815
48839
48846
48864
48868
48868
48877
48881
48888
48895
48900
48911
48913
48913
48914
48915
48925
48926
48926
48928
48933
48937
48942
48946
48946
48950
48952
48962
48968
48977
48982
48986
48992
48998
49001
49003
49003
49026
49031
49034
49035
49049
49051
49053
49055
49062
49063
49070
49073
49076
49078
49081
49083
49084
49127
49135
49139
49152
49176
49177
49177
49199
49225
49230
49233
49237
49241
49242
49247
49252
49255
49262
49266
49272
49275
49277
49279
49282
49282
49285
49285
49290
49293
49296
49307
49310
49315
49327
49341
49342
49345
49348
49352
49361
49368
49368
49372
49376
49377
49378
49378
49395
49395
49395
49398
49401
49401
49406
49409
49414
49418
49421
49428
49436
49437
49437
49444
49445
49446
49452
49456
49468
49470
49472
49481
49484
49486
49488
49504
49511
49514
49517
49521
49521
49522
49524
49529
49530
49534
49542
49555
49558
49567
49570
49572
49580
49583
49583
49584
49589
49591
49593
49594
49596
49597
49599
49608
49609
49611
49621
49630
49632
49635
49637
49649
49669
49671
49679
49679
49681
49692
49693
49694
49698
49698
49705
49716
49716
49718
49727
49736
49744
49749
49751
49753
49755
49769
49772
49774
49779
49780
49782
49785
49785
49793
49795
49798
49810
49817
49821
49838
49843
49847
49849
49854
49856
49871
49872
49875
49881
49882
49886
49921
49923
49925
49930
49930
49931
49934
49939
49945
49956
49960
49962
49963
49964
49982
49983
49983
49983
49985
49985
49987
49995
49999
50008
50019
50020
50027
50031
50032
50040
50043
50059
50065
50067
50072
50080
50084
50088
50093
50106
50113
50133
50137
50144
50147
50147
50166
50170
50171
50172
50175
50176
50183
50187
50191
50192
50208
50217
50234
50235
50243
50247
50256
50259
50263
50263
50272
50272
50277
50278
50283
50286
50288
50288
50289
50294
50296
50300
50305
50308
50311
50321
50324
50335
50335
50337
50342
50346
50352
50360
50363
50368
50369
50375
50390
50391
50391
50398
50398
50401
50413
50415
50418
50421
50434
50443
50449
50455
50456
50472
50481
50490
50490
50497
50497
50501
50506
50507
50509
50512
50515
50521
50523
50525
50527
50540
50543
50545
50554
50556
50564
50564
50567
50572
50580
50583
50586
50586
50592
50593
50597
50606
50607
50613
50623
50624
50636
50637
50644
50646
50647
50649
50660
50669
50687
50687
50693
50696
50696
50697
50698
50700
50700
50703
50705
50722
50745
50757
50758
50760
50765
50769
50771
50772
50775
50805
50813
50815
50819
50825
50827
50832
50839
50841
50849
50855
50855
50861
50874
50876
50883
50893
50895
50914
50918
50929
50936
50936
50937
50946
50954
50968
50972
50974
50981
50985
50988
51002
51005
51009
51010
51022
51033
51049
51058
51066
51069
51072
51079
51090
51093
51094
51101
51105
51107
51108
51140
51146
51148
51149
51150
51152
51154
51163
51164
51177
51189
51191
51194
51213
51213
51216
51223
51228
51231
51246
51259
51262
51269
51269
51286
51287
51292
51293
51293
51294
51295
51296
51304
51311
51311
51313
51317
51317
51318
51329
51330
51332
51334
51337
51340
51346
51346
51351
51352
51354
51356
51363
51364
51364
51366
51368
51369
51372
51377
51383
51388
51401
51412
51413
51414
51415
51417
51419
51423
51429
51436
51437
51441
51445
51445
51447
51448
51451
51458
51473
51477
51478
51479
51480
51484
51490
51491
51491
51498
51501
51509
51510
51526
51529
51530
51534
51535
51543
51543
51546
51546
51550
51557
51557
51558
51575
51575
51576
51579
51582
51587
51598
51609
51612
51614
51619
51619
51639
51666
51669
51677
51688
51690
51690
51692
51693
51709
51712
51713
51732
51735
51735
51743
51760
51769
51771
51779
51786
51793
51798
51798
51800
51802
51811
51818
51822
51843
51846
51854
51856
51858
51861
51862
51883
51888
51891
51894
51901
51927
51930
51933
51935
51937
51939
51963
51967
51968
51986
52010
52016
52019
52024
52028
52029
52032
52032
52033
52033
52036
52045
52047
52047
52048
52048
52053
52067
52073
52075
52076
52082
52083
52085
52102
52103
52104
52114
52117
52119
52120
52120
52121
52123
52130
52146
52149
52152
52164
52168
52169
52172
52181
52206
52207
52209
52218
52221
52222
52222
52226
52239
52241
52243
52250
52251
52255
52277
52280
52288
52294
52299
52302
52304
52305
52307
52313
52316
52318
52329
52340
52347
52349
52354
52354
52356
52357
52367
52369
52379
52387
52388
52390
52391
52393
52410
52418
52419
52427
52453
52453
52474
52475
52476
52491
52503
52504
52505
52519
52528
52528
52546
52546
52547
52552
52565
52567
52569
52571
52576
52577
52579
52581
52600
52601
52603
52604
52604
52610
52612
52613
52623
52623
52624
52630
52638
52644
52662
52667
52668
52672
52674
52675
52675
52676
52687
52696
52697
52699
52701
52702
52703
52716
52726
52726
52732
52736
52745
52745
52752
52760
52763
52763
52778
52779
52802
52806
52806
52810
52819
52834
52839
52847
52854
52862
52864
52869
52871
52874
52874
52876
52879
52881
52887
52901
52919
52921
52924
52925
52931
52939
52942
52942
52952
52955
52956
52962
52965
52966
52966
52970
52976
52982
52986
52987
52994
52998
53014
53016
53016
53018
53022
53029
53040
53042
53065
53073
53078
53079
53081
53086
53091
53094
53094
53099
53104
53109
53109
53121
53127
53130
53133
53138
53147
53173
53188
53192
53196
53202
53205
53207
53218
53219
53227
53237
53244
53245
53245
53247
53255
53257
53260
53261
53267
53278
53287
53292
53298
53311
53315
53315
53335
53343
53363
53367
53374
53387
53387
53392
53394
53420
53427
53438
53439
53439
53443
53449
53450
53462
53482
53486
53495
53504
53507
53523
53525
53528
53530
53534
53535
53548
53554
53557
53560
53560
53581
53581
53581
53589
53590
53596
53597
53602
53619
53627
53631
53642
53645
53646
53649
53650
53669
53674
53683
53689
53698
53716
53729
53746
53754
53756
53773
53775
53779
53789
53815
53822
53842
53842
53843
53851
53857
53863
53864
53871
53872
53879
53884
53888
53898
53900
53904
53914
53918
53937
53938
53945
53951
53972
53984
53993
54007
54009
54031
54039
54040
54043
54046
54058
54060
54071
54084
54087
54096
54107
54112
54114
54120
54123
54124
54126
54145
54151
54155
54156
54160
54160
54167
54169
54170
54171
54172
54172
54181
54190
54191
54197
54200
54201
54203
54205
54206
54207
54213
54222
54222
54224
54230
54232
54245
54251
54256
54258
54259
54270
54272
54277
54278
54282
54286
54288
54300
54301
54302
54305
54312
54319
54326
54336
54343
54360
54366
54367
54393
54395
54401
54422
54425
54425
54429
54431
54436
54453
54459
54461
54466
54470
54479
54486
54493
54493
54494
54506
54510
54528
54528
54532
54533
54533
54536
54538
54541
54542
54542
54543
54561
54562
54568
54569
54571
54579
54579
54581
54587
54590
54596
54600
54608
54609
54625
54627
54627
54628
54644
54646
54646
54651
54656
54657
54663
54668
54678
54681
54688
54688
54702
54712
54712
54718
54720
54737
54739
54740
54752
54781
54784
54785
54787
54793
54795
54797
54806
54808
54814
54818
54823
54825
54830
54830
54834
54837
54841
54851
54853
54877
54882
54883
54890
54892
54897
54905
54909
54913
54914
54917
54922
54925
54927
54927
54928
54934
54936
54942
54950
54957
54963
54971
54972
54974
54975
54982
54986
54990
54991
54998
54998
55002
55019
55019
55027
55028
55035
55041
55051
55056
55057
55058
55062
55062
55069
55077
55081
55082
55089
55093
55095
55102
55103
55122
55128
55133
55135
55140
55146
55149
55157
55163
55164
55167
55167
55172
55178
55187
55187
55191
55195
55197
55198
55203
55205
55206
55209
55218
55220
55225
55226
55228
55231
55232
55234
55234
55247
55248
55257
55260
55260
55261
55262
55267
55270
55274
55279
55300
55301
55309
55316
55326
55329
55339
55354
55367
55370
55371
55375
55376
55386
55389
55393
55406
55407
55413
55413
55421
55421
55428
55435
55435
55435
55451
55452
55468
55476
55477
55481
55482
55483
55492
55507
55509
55518
55522
55522
55524
55524
55526
55536
55544
55554
55554
55557
55557
55560
55565
55566
55567
55568
55569
55570
55579
55579
55581
55583
55585
55587
55588
55595
55599
55601
55611
55612
55616
55621
55639
55648
55655
55659
55666
55669
55670
55671
55674
55692
55701
55709
55724
55724
55726
55730
55732
55734
55735
55738
55743
55747
55762
55775
55779
55780
55789
55799
55799
55810
55811
55812
55812
55819
55822
55829
55831
55831
55831
55837
55843
55849
55851
55852
55854
55854
55862
55872
55878
55885
55887
55889
55892
55895
55900
55901
55906
55916
55929
55935
55935
55936
55937
55940
55947
55953
55955
55956
55957
55968
55985
55990
55992
55995
55996
56002
56006
56010
56020
56024
56026
56027
56027
56033
56034
56046
56050
56056
56083
56091
56097
56102
56105
56107
56110
56114
56125
56135
56142
56143
56146
56150
56151
56153
56162
56164
56168
56168
56170
56171
56173
56175
56177
56187
56192
56195
56200
56222
56223
56224
56228
56234
56235
56236
56237
56241
56242
56255
56261
56283
56284
56292
56294
56300
56302
56306
56310
56313
56315
56319
56320
56335
56337
56338
56339
56342
56351
56362
56370
56383
56383
56387
56388
56397
56401
56412
56414
56415
56420
56421
56426
56440
56448
56466
56467
56487
56488
56491
56493
56496
56498
56503
56505
56510
56511
56515
56517
56531
56533
56534
56540
56546
56551
56552
56554
56557
56559
56562
56565
56565
56565
56573
56573
56578
56603
56605
56614
56620
56625
56636
56638
56640
56641
56657
56660
56668
56674
56681
56683
56695
56696
56696
56704
56704
56704
56707
56707
56712
56721
56728
56744
56746
56751
56769
56775
56777
56783
56793
56810
56813
56818
56821
56825
56832
56833
56841
56847
56856
56857
56859
56875
56878
56887
56889
56894
56899
56905
56911
56925
56926
56930
56931
56932
56936
56953
56958
56964
56966
56970
56978
56982
56992
56995
56998
56998
57000
57001
57006
57006
57022
57025
57031
57031
57033
57034
57038
57047
57059
57060
57069
57073
57079
57085
57091
57093
57094
57095
57100
57104
57105
57107
57112
57118
57119
57124
57126
57136
57137
57142
57143
57152
57156
57161
57163
57166
57167
57170
57170
57177
57177
57193
57196
57198
57201
57206
57209
57209
57211
57212
57212
57224
57230
57231
57239
57240
57243
57258
57265
57269
57275
57276
57277
57277
57282
57290
57291
57305
57307
57308
57314
57319
57319
57322
57322
57333
57334
57335
57339
57343
57351
57360
57362
57363
57376
57388
57390
57391
57395
57397
57399
57406
57407
57413
57414
57415
57419
57431
57434
57440
57442
57447
57448
57450
57462
57464
57464
57473
57476
57478
57483
57494
57501
57509
57510
57512
57516
57525
57545
57548
57552
57557
57570
57574
57579
57588
57592
57596
57599
57606
57612
57621
57628
57633
57637
57637
57645
57647
57650
57651
57664
57669
57673
57679
57680
57683
57697
57697
57699
57705
57707
57709
57712
57717
57722
57723
57727
57731
57741
57742
57745
57745
57746
57746
57748
57756
57767
57767
57769
57771
57776
57781
57782
57788
57792
57795
57804
57810
57822
57829
57833
57833
57834
57837
57845
57851
57854
57855
57867
57871
57893
57896
57909
57912
57912
57915
57925
57926
57931
57940
57948
57954
57958
57961
57980
57986
57990
57995
57996
58003
58005
58017
58025
58026
58026
58033
58042
58044
58046
58062
58083
58083
58085
58099
58109
58110
58120
58130
58142
58150
58160
58161
58161
58163
58171
58182
58187
58194
58210
58220
58223
58223
58233
58241
58244
58246
58247
58250
58251
58262
58262
58263
58264
58273
58278
58281
58288
58306
58318
58322
58325
58326
58337
58342
58351
58369
58372
58376
58386
58396
58403
58404
58414
58415
58420
58422
58423
58438
58438
58446
58447
58457
58459
58464
58464
58466
58473
58484
58484
58487
58494
58509
58509
58513
58518
58520
58521
58526
58527
58529
58530
58564
58571
58575
58580
58582
58584
58584
58591
58594
58595
58606
58611
58619
58626
58630
58630
58635
58641
58643
58650
58658
58674
58682
58686
58693
58698
58699
58701
58702
58706
58709
58711
58715
58716
58723
58725
58729
58730
58737
58741
58743
58745
58757
58760
58767
58767
58787
58789
58790
58795
58801
58807
58810
58814
58818
58822
58823
58825
58829
58830
58833
58834
58837
58837
58841
58845
58849
58860
58873
58875
58876
58883
58887
58891
58892
58895
58897
58899
58903
58904
58905
58916
58920
58922
58923
58927
58935
58936
58940
58943
58943
58947
58948
58949
58949
58970
58970
58978
58983
58986
58987
58999
59008
59013
59015
59018
59024
59030
59064
59066
59077
59083
59104
59105
59108
59110
59126
59128
59135
59136
59136
59138
59143
59145
59147
59153
59163
59166
59177
59190
59193
59203
59221
59224
59226
59229
59229
59233
59236
59246
59250
59251
59259
59264
59264
59268
59270
59272
59287
59289
59293
59305
59306
59306
59311
59318
59318
59323
59324
59354
59361
59365
59373
59381
59384
59390
59390
59396
59401
59408
59408
59409
59412
59418
59420
59421
59423
59424
59442
59445
59446
59463
59469
59471
59480
59491
59494
59496
59496
59501
59508
59524
59530
59534
59545
59556
59556
59568
59569
59570
59577
59578
59578
59580
59582
59587
59588
59598
59601
59601
59602
59615
59617
59621
59627
59629
59630
59636
59642
59648
59649
59650
59654
59660
59661
59669
59675
59690
59695
59697
59698
59701
59703
59703
59703
59709
59719
59722
59726
59750
59751
59759
59760
59777
59779
59780
59783
59794
59795
59804
59804
59806
59814
59826
59831
59833
59843
59846
59846
59854
59857
59860
59862
59871
59885
59892
59898
59900
59901
59915
59915
59935
59936
59942
59945
59950
59951
59952
59953
59955
59964
59970
59979
59993
59994
59996
60007
60007
60008
60014
60017
60025
60034
60037
60043
60046
60050
60054
60060
60062
60076
60085
60086
60099
60119
60121
60124
60136
60138
60140
60147
60158
60166
60167
60167
60169
60185
60192
60204
60211
60214
60219
60225
60225
60225
60228
60229
60232
60233
60241
60245
60249
60254
60255
60260
60262
60262
60274
60276
60286
60287
60291
60325
60346
60346
60351
60356
60359
60360
60376
60389
60392
60399
60411
60416
60421
60421
60425
60425
60434
60449
60454
60471
60476
60482
60482
60487
60500
60508
60512
60513
60516
60524
60527
60531
60531
60536
60537
60545
60558
60559
60560
60564
60566
60574
60583
60583
60589
60595
60606
60616
60616
60621
60652
60658
60666
60671
60672
60672
60681
60696
60699
60699
60703
60708
60716
60717
60721
60724
60728
60732
60735
60736
60739
60739
60749
60750
60771
60780
60788
60804
60817
60818
60827
60836
60838
60840
60867
60872
60874
60880
60881
60891
60907
60910
60917
60920
60932
60937
60940
60955
60957
60966
60968
60968
60970
60971
60973
60980
60981
60989
60992
60993
60995
60997
61007
61010
61012
61016
61017
61018
61027
61030
61038
61040
61045
61047
61048
61052
61060
61085
61087
61094
61095
61104
61116
61144
61149
61150
61159
61161
61165
61166
61182
61191
61214
61214
61217
61217
61220
61220
61232
61239
61244
61246
61266
61275
61280
61281
61283
61284
61285
61299
61311
61314
61315
61316
61318
61320
61322
61322
61323
61325
61330
61341
61342
61345
61346
61348
61351
61358
61360
61361
61362
61373
61380
61380
61386
61402
61416
61424
61430
61431
61438
61441
61445
61446
61447
61449
61452
61454
61459
61464
61464
61465
61491
61495
61502
61503
61504
61515
61519
61520
61527
61528
61531
61538
61540
61544
61560
61561
61579
61583
61588
61600
61603
61603
61616
61623
61627
61634
61637
61642
61652
61661
61663
61666
61684
61690
61698
61698
61701
61708
61709
61710
61711
61716
61719
61724
61726
61728
61735
61738
61756
61758
61761
61763
61765
61768
61769
61773
61781
61793
61795
61801
61812
61816
61824
61827
61839
61840
61841
61857
61864
61864
61889
61915
61919
61925
61930
61930
61937
61943
61954
61957
61957
61973
61987
61988
61992
62003
62007
62012
62013
62023
62024
62030
62034
62048
62058
62065
62069
62080
62095
62106
62118
62123
62125
62127
62133
62133
62136
62138
62146
62147
62152
62152
62157
62165
62173
62176
62181
62181
62211
62224
62232
62233
62235
62237
62239
62244
62260
62263
62268
62271
62276
62277
62283
62285
62296
62299
62302
62314
62315
62321
62321
62329
62331
62345
62345
62349
62355
62360
62363
62367
62368
62374
62391
62392
62392
62404
62407
62407
62410
62414
62415
62418
62419
62427
62449
62454
62461
62465
62477
62479
62486
62503
62505
62508
62510
62516
62525
62528
62529
62531
62531
62541
62542
62554
62556
62578
62592
62592
62597
62597
62598
62599
62602
62618
62625
62627
62628
62633
62645
62668
62674
62690
62693
62702
62713
62716
62719
62725
62727
62735
62745
62748
62752
62754
62754
62760
62763
62771
62777
62785
62789
62790
62791
62795
62796
62806
62808
62822
62834
62842
62845
62849
62855
62856
62863
62864
62865
62878
62879
62881
62882
62887
62889
62898
62909
62927
62930
62934
62935
62935
62941
62946
62946
62961
62963
62971
62972
62981
62990
62990
62991
63011
63019
63020
63033
63045
63059
63069
63097
63116
63120
63128
63136
63142
63142
63143
63143
63147
63155
63157
63159
63161
63165
63166
63168
63168
63176
63176
63186
63192
63200
63202
63214
63216
63218
63224
63254
63270
63274
63277
63277
63279
63282
63288
63290
63296
63297
63303
63306
63316
63317
63334
63340
63344
63345
63347
63370
63379
63379
63384
63384
63393
63394
63394
63395
63395
63404
63414
63419
63425
63440
63443
63444
63446
63452
63454
63459
63459
63460
63462
63467
63473
63480
63481
63489
63496
63496
63497
63498
63503
63503
63512
63518
63526
63529
63530
63536
63546
63561
63562
63567
63569
63571
63572
63573
63608
63612
63614
63616
63617
63618
63625
63626
63640
63643
63645
63647
63648
63651
63660
63666
63667
63669
63669
63671
63684
63690
63692
63696
63709
63715
63716
63722
63724
63727
63727
63738
63745
63747
63766
63767
63770
63771
63778
63780
63785
63786
63787
63796
63813
63825
63838
63839
63840
63840
63844
63847
63848
63849
63855
63857
63861
63863
63864
63869
63873
63873
63882
63883
63885
63888
63897
63903
63904
63905
63910
63911
63920
63920
63923
63926
63928
63931
63936
63937
63941
63945
63953
63960
63964
63967
63976
63992
63998
63999
63999
64020
64023
64027
64051
64054
64057
64059
64060
64062
64065
64070
64072
64076
64080
64082
64086
64097
64102
64107
64124
64125
64138
64153
64167
64168
64170
64175
64181
64183
64185
64185
64197
64201
64202
64231
64232
64232
64239
64240
64253
64254
64268
64289
64292
64311
64312
64312
64317
64322
64326
64335
64340
64341
64344
64346
64346
64347
64350
64350
64356
64360
64375
64391
64395
64402
64408
64409
64412
64427
64427
64427
64439
64453
64462
64463
64466
64483
64486
64488
64490
64492
64493
64497
64497
64499
64499
64509
64520
64527
64529
64530
64531
64532
64538
64543
64551
64554
64556
64556
64557
64575
64576
64581
64581
64589
64601
64601
64603
64606
64607
64609
64613
64626
64632
64639
64641
64649
64664
64670
64673
64680
64681
64690
64698
64702
64709
64714
64716
64722
64725
64730
64731
64736
64737
64743
64747
64748
64753
64761
64768
64772
64776
64777
64787
64796
64798
64798
64828
64831
64833
64834
64836
64843
64856
64857
64872
64875
64876
64877
64878
64881
64883
64895
64896
64901
64903
64904
64911
64915
64916
64917
64920
64928
64943
64955
64961
64965
64970
64971
64976
64982
64985
64998
65001
65001
65003
65006
65013
65019
65025
65030
65036
65037
65039
65040
65042
65043
65057
65058
65065
65078
65097
65099
65103
65104
65106
65116
65123
65124
65124
65139
65139
65162
65162
65165
65181
65188
65188
65196
65199
65199
65204
65207
65207
65211
65222
65226
65233
65235
65245
65251
65255
65260
65266
65266
65267
65267
65269
65273
65278
65280
65280
65298
65302
65302
65319
65319
65329
65331
65344
65346
65352
65353
65361
65369
65378
65381
65385
65387
65389
65392
65397
65406
65412
65413
65416
65420
65425
65428
65439
65446
65448
65454
65458
65463
65466
65471
65475
65478
65478
65482
65495
65502
65503
65503
65507
65512
65515
65516
65521
65524
65524
65526
65526
65531
65533
65535
65538
65547
65555
65569
65572
65574
65574
65583
65586
65587
65589
65596
65599
65601
65603
65606
65607
65610
65615
65629
65633
65633
65653
65667
65675
65675
65683
65683
65685
65686
65688
65689
65691
65691
65698
65705
65715
65730
65744
65769
65773
65773
65775
65775
65787
65788
65799
65800
65808
65810
65816
65818
65823
65829
65833
65835
65835
65835
65838
65839
65843
65845
65849
65858
65876
65885
65886
65904
65907
65907
65910
65913
65915
65915
65919
65926
65930
65930
65931
65936
65938
65939
65948
65960
65967
65974
65978
65983
65985
65986
65986
65988
65990
65990
65997
66016
66017
66037
66045
66050
66055
66055
66056
66058
66065
66076
66084
66086
66094
66097
66103
66104
66126
66128
66132
66144
66146
66149
66163
66167
66176
66179
66186
66187
66197
66213
66214
66215
66217
66236
66238
66239
66256
66258
66267
66272
66279
66283
66290
66305
66313
66317
66325
66335
66336
66345
66356
66365
66374
66378
66381
66382
66392
66396
66399
66401
66413
66415
66426
66426
66430
66441
66442
66456
66463
66478
66480
66483
66500
66507
66508
66516
66522
66527
66536
66538
66539
66546
66550
66562
66569
66576
66585
66601
66603
66604
66604
66605
66610
66616
66618
66619
66636
66646
66646
66648
66650
66651
66651
66659
66671
66672
66680
66687
66689
66697
66698
66699
66710
66717
66720
66721
66729
66737
66744
66748
66748
66748
66752
66757
66758
66764
66765
66775
66799
66807
66810
66813
66814
66836
66837
66838
66838
66845
66853
66862
66864
66866
66866
66870
66874
66875
66877
66882
66883
66883
66888
66889
66895
66897
66906
66909
66914
66917
66926
66927
66952
66958
66961
66962
66968
66978
66986
66988
66992
66992
66995
66999
67002
67011
67011
67018
67022
67025
67030
67032
67037
67043
67048
67055
67058
67070
67070
67075
67086
67087
67088
67089
67098
67100
67101
67111
67120
67120
67143
67143
67144
67148
67149
67153
67171
67177
67181
67184
67184
67201
67201
67211
67221
67227
67242
67243
67254
67255
67255
67256
67259
67260
67263
67270
67273
67277
67277
67287
67295
67296
67302
67303
67304
67308
67313
67313
67324
67330
67332
67340
67345
67345
67371
67374
67380
67383
67400
67413
67414
67421
67425
67434
67437
67437
67450
67453
67465
67465
67470
67480
67483
67490
67498
67499
67500
67503
67503
67503
67506
67507
67507
67510
67513
67519
67529
67542
67552
67553
67567
67571
67574
67575
67587
67615
67620
67622
67625
67627
67638
67641
67643
67643
67645
67649
67649
67654
67656
67661
67662
67665
67669
67669
67673
67674
67678
67692
67693
67695
67700
67717
67724
67724
67727
67732
67735
67739
67744
67744
67749
67752
67767
67768
67773
67775
67777
67781
67782
67782
67783
67787
67794
67798
67803
67806
67823
67824
67826
67831
67841
67842
67857
67860
67874
67876
67877
67878
67881
67881
67900
67900
67901
67907
67912
67914
67914
67927
67937
67937
67939
67939
67950
67953
67958
67966
67974
67977
67980
67980
68004
68015
68019
68025
68030
68037
68051
68052
68053
68056
68057
68065
68085
68111
68114
68118
68120
68127
68128
68129
68137
68143
68150
68156
68162
68168
68175
68176
68177
68189
68189
68195
68198
68204
68209
68212
68227
68227
68233
68241
68247
68248
68258
68264
68270
68281
68301
68311
68316
68320
68320
68321
68332
68335
68343
68345
68350
68362
68368
68375
68380
68397
68398
68400
68404
68407
68413
68425
68426
68429
68431
68440
68442
68448
68454
68460
68469
68477
68479
68483
68484
68499
68501
68502
68509
68524
68526
68533
68538
68547
68548
68553
68555
68560
68560
68566
68569
68577
68585
68589
68590
68618
68619
68621
68624
68629
68637
68649
68662
68671
68674
68683
68684
68686
68688
68689
68690
68695
68698
68710
68715
68720
68721
68726
68733
68735
68737
68746
68747
68748
68751
68753
68764
68771
68774
68777
68777
68781
68782
68789
68791
68793
68803
68804
68808
68812
68818
68827
68839
68841
68854
68859
68860
68866
68868
68868
68875
68882
68882
68885
68889
68892
68894
68894
68899
68912
68920
68920
68938
68944
68953
68958
68971
68972
68985
69003
69013
69020
69031
69031
69034
69036
69041
69044
69058
69060
69060
69068
69084
69088
69095
69098
69106
69110
69112
69114
69126
69127
69128
69132
69133
69137
69158
69161
69175
69177
69186
69191
69208
69211
69239
69240
69245
69248
69252
69254
69254
69258
69260
69262
69264
69281
69284
69305
69317
69319
69323
69330
69330
69331
69367
69375
69385
69394
69395
69425
69431
69434
69439
69441
69442
69444
69452
69454
69455
69462
69464
69466
69466
69470
69476
69476
69484
69489
69491
69493
69496
69499
69501
69505
69519
69520
69533
69545
69548
69548
69570
69578
69583
69586
69593
69595
69602
69623
69644
69653
69658
69666
69676
69683
69689
69696
69714
69718
69725
69725
69733
69733
69738
69751
69753
69767
69769
69776
69780
69789
69790
69791
69796
69810
69815
69841
69843
69849
69851
69852
69855
69868
69875
69891
69893
69894
69899
69903
69905
69905
69915
69918
69921
69926
69931
69943
69943
69944
69965
69976
69978
69980
69984
69999
70010
70010
70012
70022
70026
70035
70040
70042
70067
70068
70073
70088
70088
70098
70098
70105
70108
70114
70130
70158
70173
70178
70178
70179
70185
70185
70190
70191
70199
70207
70210
70211
70222
70232
70235
70254
70260
70275
70276
70277
70279
70284
70293
70298
70302
70347
70358
70361
70365
70374
70376
70377
70378
70380
70382
70386
70392
70403
70405
70411
70416
70417
70418
70421
70432
70435
70443
70461
70469
70474
70481
70483
70487
70488
70489
70490
70497
70505
70507
70514
70528
70547
70553
70556
70558
70558
70559
70561
70561
70563
70565
70565
70578
70578
70579
70584
70589
70591
70600
70611
70629
70635
70637
70640
70647
70650
70651
70656
70661
70662
70666
70667
70667
70667
70668
70672
70677
70682
70692
70693
70695
70708
70716
70719
70721
70729
70736
70742
70751
70760
70761
70762
70783
70783
70783
70792
70795
70797
70798
70799
70808
70813
70818
70821
70830
70839
70840
70872
70879
70886
70896
70899
70903
70904
70905
70915
70916
70944
70955
70959
70972
70975
70982
71001
71005
71009
71017
71022
71023
71026
71027
71038
71043
71045
71049
71052
71055
71055
71058
71062
71066
71066
71072
71086
71088
71093
71101
71107
71109
71119
71138
71143
71145
71150
71156
71157
71166
71170
71171
71175
71180
71199
71206
71213
71221
71223
71234
71234
71243
71246
71248
71254
71258
71260
71261
71262
71266
71276
71312
71315
71316
71322
71324
71324
71330
71346
71347
71351
71352
71353
71356
71358
71359
71361
71370
71371
71377
71382
71385
71386
71390
71393
71396
71402
71403
71412
71416
71416
71431
71441
71460
71466
71487
71498
71498
71507
71514
71516
71518
71532
71533
71535
71537
71541
71546
71551
71563
71572
71581
71584
71598
71603
71608
71612
71623
71623
71626
71626
71631
71638
71644
71645
71651
71665
71668
71669
71681
71683
71683
71684
71736
71736
71738
71744
71746
71748
71749
71757
71759
71763
71770
71773
71779
71781
71782
71785
71789
71792
71796
71798
71800
71801
71801
71811
71816
71817
71820
71830
71833
71850
71853
71854
71858
71858
71861
71864
71881
71886
71911
71916
71919
71922
71934
71936
71937
71937
71938
71941
71948
71952
71955
71960
71963
71965
71977
71978
71979
71980
71982
71982
71987
71987
72006
72009
72013
72014
72017
72018
72019
72026
72028
72028
72032
72041
72047
72048
72050
72053
72054
72055
72059
72076
72081
72092
72095
72099
72104
72106
72116
72117
72119
72123
72138
72148
72153
72155
72155
72158
72170
72183
72189
72193
72195
72198
72200
72200
72200
72201
72228
72228
72237
72240
72244
72248
72252
72263
72268
72268
72268
72280
72281
72291
72292
72315
72316
72319
72319
72319
72326
72330
72335
72353
72355
72356
72357
72362
72363
72364
72371
72377
72387
72388
72389
72402
72406
72406
72406
72409
72411
72414
72418
72419
72423
72424
72426
72426
72427
72428
72438
72441
72444
72474
72478
72478
72487
72488
72489
72490
72490
72492
72495
72503
72504
72506
72524
72528
72529
72534
72537
72544
72544
72549
72557
72561
72569
72569
72572
72574
72583
72592
72606
72612
72617
72619
72633
72638
72638
72648
72664
72669
72675
72677
72683
72688
72691
72696
72698
72700
72704
72709
72714
72716
72723
72725
72727
72728
72733
72739
72743
72744
72746
72748
72751
72769
72776
72777
72788
72790
72798
72799
72801
72802
72803
72809
72830
72833
72835
72838
72848
72850
72858
72858
72860
72862
72863
72864
72866
72878
72893
72895
72905
72907
72909
72918
72920
72925
72926
72957
72960
72967
72972
72993
72995
73003
73003
73004
73006
73012
73018
73025
73025
73030
73041
73045
73047
73060
73061
73075
73082
73082
73088
73099
73103
73105
73108
73109
73111
73111
73113
73118
73119
73123
73132
73133
73136
73139
73140
73141
73148
73149
73150
73152
73157
73159
73169
73174
73176
73193
73200
73203
73205
73209
73211
73215
73218
73228
73232
73238
73242
73247
73253
73256
73258
73269
73276
73277
73283
73283
73284
73294
73294
73295
73300
73307
73316
73330
73332
73333
73343
73347
73362
73364
73367
73368
73380
73397
73397
73400
73406
73406
73409
73414
73420
73420
73421
73424
73441
73442
73442
73455
73456
73467
73469
73483
73484
73486
73487
73488
73488
73493
73495
73503
73508
73516
73519
73529
73530
73536
73536
73545
73553
73554
73562
73567
73572
73587
73602
73613
73614
73621
73629
73635
73635
73635
73638
73640
73641
73644
73660
73660
73667
73667
73680
73689
73689
73711
73711
73712
73714
73717
73718
73741
73745
73762
73763
73767
73767
73767
73770
73802
73808
73809
73814
73815
73820
73833
73833
73835
73867
73889
73889
73891
73894
73897
73906
73909
73910
73914
73936
73940
73941
73941
73941
73941
73949
73953
73955
73969
73973
73992
73997
74011
74018
74022
74025
74026
74034
74035
74037
74041
74046
74054
74055
74071
74080
74083
74083
74083
74087
74097
74102
74105
74109
74113
74116
74120
74127
74131
74132
74135
74141
74141
74144
74151
74155
74160
74162
74164
74171
74187
74208
74215
74235
74235
74235
74243
74249
74253
74256
74256
74258
74259
74261
74274
74277
74288
74292
74294
74306
74313
74322
74327
74330
74353
74356
74369
74370
74371
74381
74381
74384
74388
74404
74406
74408
74409
74412
74421
74432
74433
74437
74444
74444
74446
74460
74461
74463
74472
74473
74477
74486
74486
74489
74494
74504
74508
74510
74527
74527
74528
74545
74547
74556
74561
74573
74579
74591
74593
74594
74611
74616
74622
74623
74628
74630
74634
74641
74643
74653
74656
74662
74670
74674
74679
74682
74688
74690
74693
74709
74711
74713
74716
74717
74727
74733
74736
74736
74742
74746
74747
74749
74754
74755
74759
74760
74763
74769
74775
74781
74781
74793
74794
74801
74805
74811
74818
74818
74822
74826
74830
74833
74834
74836
74838
74839
74839
74845
74851
74853
74860
74865
74867
74871
74882
74895
74896
74902
74906
74918
74924
74927
74937
74938
74958
74962
74967
74975
74982
74983
74996
74998
75011
75014
75016
75018
75027
75037
75048
75055
75067
75074
75082
75085
75087
75091
75096
75097
75099
75107
75111
75113
75115
75115
75116
75116
75124
75133
75136
75151
75152
75156
75167
75174
75179
75180
75189
75193
75201
75211
75218
75220
75238
75239
75239
75244
75245
75246
75249
75256
75264
75273
75297
75300
75302
75313
75317
75317
75321
75322
75337
75340
75356
75362
75365
75370
75371
75388
75388
75390
75401
75404
75404
75409
75409
75418
75419
75430
75440
75446
75447
75448
75451
75451
75460
75479
75479
75501
75510
75517
75521
75522
75539
75543
75544
75546
75547
75547
75556
75563
75579
75580
75581
75589
75593
75603
75613
75621
75621
75622
75622
75636
75642
75646
75647
75656
75657
75658
75662
75668
75669
75676
75681
75681
75694
75694
75699
75700
75705
75712
75713
75714
75725
75725
75727
75729
75730
75732
75734
75740
75754
75760
75764
75766
75769
75772
75773
75779
75783
75787
75788
75791
75793
75794
75796
75798
75807
75817
75818
75827
75828
75833
75840
75842
75866
75889
75899
75900
75902
75924
75936
75938
75942
75943
75943
75947
75948
75959
75966
75966
75972
75975
75984
75989
75998
76005
76017
76037
76055
76055
76075
76084
76087
76089
76089
76094
76096
76107
76112
76118
76131
76134
76139
76144
76152
76154
76156
76157
76164
76171
76177
76180
76187
76197
76199
76200
76226
76226
76230
76233
76235
76239
76242
76245
76257
76258
76258
76262
76264
76273
76273
76285
76289
76290
76291
76299
76300
76303
76309
76312
76316
76317
76317
76317
76330
76331
76344
76366
76369
76372
76384
76394
76401
76402
76408
76421
76425
76442
76444
76447
76457
76463
76467
76477
76492
76505
76505
76509
76513
76523
76532
76555
76569
76577
76578
76579
76580
76583
76591
76592
76606
76613
76620
76622
76628
76631
76633
76636
76641
76651
76662
76662
76665
76682
76689
76694
76707
76709
76710
76716
76718
76721
76726
76730
76738
76743
76748
76754
76759
76776
76780
76785
76798
76802
76812
76819
76825
76832
76853
76861
76862
76864
76872
76874
76876
76879
76879
76880
76890
76891
76894
76899
76906
76908
76909
76909
76921
76924
76925
76934
76934
76935
76941
76953
76963
76964
76969
76975
76984
76986
76999
76999
77003
77007
77007
77009
77013
77018
77022
77024
77029
77034
77039
77047
77053
77054
77057
77069
77078
77080
77082
77084
77085
77087
77097
77098
77105
77106
77113
77116
77124
77125
77125
77129
77129
77131
77139
77145
77152
77157
77159
77164
77165
77169
77188
77192
77209
77212
77214
77216
77225
77233
77234
77241
77245
77250
77251
77263
77277
77282
77285
77293
77307
77310
77313
77315
77315
77318
77324
77325
77330
77330
77333
77335
77335
77340
77359
77361
77366
77370
77374
77377
77377
77378
77379
77381
77386
77390
77406
77411
77417
77422
77422
77425
77442
77454
77456
77462
77471
77473
77476
77488
77493
77496
77498
77501
77506
77510
77512
77512
77522
77528
77535
77541
77542
77558
77558
77563
77582
77583
77610
77614
77616
77622
77626
77627
77641
77643
77644
77656
77659
77664
77664
77665
77667
77675
77676
77678
77688
77694
77696
77702
77704
77714
77720
77732
77735
77745
77748
77761
77772
77781
77782
77782
77789
77790
77798
77807
77809
77813
77820
77828
77832
77844
77850
77851
77855
77856
77862
77869
77871
77876
77886
77893
77895
77896
77898
77911
77916
77917
77938
77943
77947
77950
77954
77962
77967
77975
77978
77979
77992
77992
78005
78005
78006
78009
78016
78030
78037
78056
78062
78079
78080
78081
78091
78093
78094
78100
78101
78103
78104
78105
78108
78110
78111
78115
78119
78129
78135
78151
78163
78165
78175
78175
78191
78195
78200
78213
78224
78226
78226
78227
78228
78234
78237
78239
78242
78246
78258
78271
78284
78285
78288
78291
78293
78296
78301
78310
78311
78315
78316
78317
78333
78359
78362
78362
78364
78378
78385
78401
78406
78414
78439
78444
78450
78460
78463
78479
78480
78482
78501
78502
78503
78504
78510
78518
78521
78521
78525
78526
78526
78531
78548
78554
78559
78559
78565
78570
78579
78589
78592
78600
78605
78611
78611
78612
78615
78616
78626
78626
78628
78633
78636
78647
78647
78648
78665
78672
78683
78700
78701
78701
78713
78720
78721
78734
78735
78739
78744
78751
78758
78761
78762
78768
78772
78775
78780
78782
78794
78796
78818
78819
78821
78823
78833
78837
78837
78837
78838
78848
78849
78856
78868
78868
78882
78886
78889
78894
78897
78901
78903
78907
78913
78920
78928
78930
78938
78941
78945
78955
78956
78958
78963
78974
78975
78982
78992
78992
78999
79001
79005
79005
79005
79015
79026
79031
79035
79036
79037
79038
79049
79050
79052
79053
79054
79056
79058
79082
79082
79091
79106
79121
79127
79127
79128
79133
79136
79138
79139
79143
79145
79167
79168
79176
79178
79181
79190
79197
79198
79202
79205
79206
79212
79215
79217
79219
79230
79242
79248
79250
79254
79256
79259
79260
79266
79268
79272
79275
79284
79287
79300
79301
79304
79307
79311
79319
79320
79324
79327
79334
79335
79345
79348
79353
79355
79362
79366
79366
79374
79374
79386
79395
79401
79406
79411
79414
79429
79431
79433
79443
79444
79445
79451
79454
79459
79467
79472
79483
79486
79487
79497
79503
79510
79513
79523
79524
79526
79527
79528
79546
79550
79551
79552
79562
79573
79578
79590
79592
79596
79598
79608
79626
79629
79637
79641
79641
79643
79644
79646
79652
79658
79663
79681
79685
79686
79688
79706
79710
79718
79718
79722
79724
79725
79726
79729
79737
79742
79746
79748
79755
79755
79756
79779
79792
79795
79796
79802
79812
79812
79825
79825
79841
79848
79858
79858
79859
79859
79863
79869
79880
79881
79881
79881
79886
79894
79904
79905
79905
79911
79919
79921
79932
79932
79938
79940
79942
79944
79951
79955
79962
79964
79966
79971
79976
79978
79979
79981
79983
79990
80007
80008
80009
80012
80015
80017
80025
80027
80035
80038
80038
80046
80058
80075
80083
80087
80091
80092
80092
80095
80098
80100
80103
80104
80105
80107
80114
80136
80140
80150
80151
80157
80158
80162
80164
80166
80172
80182
80186
80195
80207
80211
80227
80232
80234
80249
80255
80256
80257
80260
80272
80273
80274
80279
80280
80294
80296
80298
80300
80306
80314
80315
80318
80318
80320
80332
80347
80355
80360
80363
80366
80367
80380
80383
80394
80397
80401
80404
80405
80419
80421
80432
80434
80436
80439
80445
80445
80446
80448
80451
80454
80465
80467
80468
80470
80477
80483
80492
80494
80500
80504
80515
80518
80525
80531
80542
80544
80546
80550
80559
80561
80566
80570
80572
80574
80582
80599
80605
80609
80612
80617
80619
80621
80625
80627
80628
80629
80631
80638
80638
80639
80640
80644
80646
80652
80653
80675
80676
80682
80686
80690
80694
80697
80704
80711
80714
80715
80718
80719
80721
80738
80750
80752
80755
80757
80759
80760
80764
80771
80773
80784
80784
80802
80806
80806
80811
80814
80816
80819
80822
80822
80825
80827
80828
80833
80834
80839
80842
80846
80850
80885
80887
80888
80889
80902
80904
80909
80916
80922
80929
80931
80956
80956
80967
80968
80972
80973
80975
80975
80978
80984
80997
81009
81010
81017
81022
81022
81023
81027
81031
81036
81059
81065
81075
81083
81083
81088
81093
81097
81101
81111
81115
81125
81129
81140
81153
81153
81170
81175
81178
81181
81189
81190
81200
81201
81202
81205
81208
81209
81210
81210
81212
81219
81229
81230
81236
81251
81253
81254
81256
81256
81266
81269
81271
81280
81282
81288
81290
81297
81303
81304
81307
81308
81309
81321
81327
81330
81336
81340
81345
81350
81360
81363
81369
81369
81377
81381
81382
81394
81400
81407
81414
81428
81430
81436
81449
81455
81456
81466
81473
81473
81473
81480
81482
81497
81502
81506
81507
81529
81529
81548
81549
81549
81555
81562
81570
81571
81577
81580
81583
81586
81591
81594
81610
81620
81621
81631
81632
81670
81671
81671
81672
81677
81682
81684
81694
81699
81705
81707
81708
81711
81720
81726
81730
81748
81752
81752
81754
81755
81755
81763
81766
81767
81767
81768
81771
81774
81780
81780
81783
81783
81787
81798
81809
81810
81812
81821
81841
81849
81849
81850
81853
81865
81871
81872
81874
81878
81884
81886
81892
81896
81902
81906
81909
81909
81912
81920
81922
81932
81943
81945
81949
81949
81953
81954
81967
81978
81978
81983
81989
81995
81998
81999
82005
82013
82021
82026
82031
82036
82037
82045
82047
82060
82064
82069
82070
82073
82078
82103
82108
82118
82123
82128
82131
82131
82133
82135
82137
82154
82161
82163
82171
82174
82178
82180
82183
82184
82196
82200
82203
82203
82207
82221
82226
82229
82235
82242
82257
82265
82276
82285
82290
82291
82292
82313
82324
82326
82332
82334
82336
82337
82343
82344
82359
82364
82365
82373
82375
82377
82380
82382
82392
82393
82406
82408
82414
82415
82415
82424
82431
82440
82440
82443
82447
82455
82461
82466
82467
82467
82468
82470
82471
82488
82499
82499
82507
82508
82516
82525
82531
82539
82541
82544
82545
82548
82554
82558
82560
82562
82565
82565
82569
82572
82574
82579
82580
82595
82597
82606
82609
82611
82617
82621
82622
82636
82644
82648
82657
82657
82683
82684
82705
82709
82712
82724
82724
82746
82754
82759
82760
82776
82783
82787
82789
82790
82792
82793
82795
82795
82802
82807
82808
82809
82817
82817
82823
82824
82848
82853
82856
82876
82878
82886
82888
82891
82895
82902
82910
82913
82915
82933
82935
82944
82952
82954
82961
82963
82973
82977
82996
82997
83003
83007
83022
83022
83034
83034
83036
83037
83039
83045
83059
83068
83070
83084
83085
83095
83101
83102
83105
83109
83127
83129
83130
83143
83144
83152
83153
83161
83171
83187
83196
83202
83202
83204
83206
83209
83210
83212
83212
83213
83213
83213
83217
83217
83218
83221
83222
83255
83260
83267
83270
83271
83273
83280
83281
83286
83286
83289
83292
83294
83295
83299
83300
83305
83314
83320
83326
83328
83329
83336
83340
83354
83356
83377
83379
83380
83382
83386
83387
83395
83400
83408
83424
83432
83434
83436
83440
83454
83459
83464
83469
83474
83477
83485
83486
83494
83499
83500
83505
83506
83514
83516
83516
83518
83523
83526
83527
83530
83531
83532
83533
83543
83545
83552
83558
83568
83571
83572
83585
83597
83597
83598
83600
83608
83610
83614
83616
83616
83617
83617
83620
83627
83633
83652
83655
83663
83672
83676
83676
83679
83679
83681
83684
83702
83713
83713
83725
83737
83747
83750
83758
83760
83766
83774
83775
83778
83782
83801
83805
83811
83811
83820
83823
83826
83833
83834
83836
83837
83840
83840
83840
83855
83862
83868
83873
83877
83883
83893
83896
83906
83923
83923
83924
83939
83940
83941
83946
83954
83966
83971
83973
83980
83982
83983
83983
83984
84010
84029
84033
84042
84047
84052
84054
84056
84064
84100
84102
84110
84110
84111
84114
84138
84144
84153
84160
84163
84164
84165
84166
84173
84174
84181
84185
84201
84218
84223
84227
84230
84236
84241
84250
84254
84255
84260
84273
84274
84278
84282
84297
84303
84308
84308
84311
84332
84333
84335
84335
84350
84358
84365
84367
84369
84373
84377
84380
84383
84386
84386
84400
84401
84402
84406
84410
84410
84421
84426
84432
84434
84435
84440
84443
84443
84445
84451
84451
84463
84476
84479
84481
84482
84497
84507
84507
84509
84520
84532
84533
84542
84553
84558
84568
84568
84570
84574
84578
84581
84589
84590
84595
84596
84597
84600
84606
84608
84619
84640
84640
84641
84643
84650
84658
84665
84670
84677
84680
84684
84693
84700
84701
84702
84710
84725
84731
84741
84745
84758
84761
84765
84773
84775
84780
84783
84786
84792
84795
84807
84812
84819
84820
84822
84823
84839
84843
84847
84847
84863
84868
84871
84876
84879
84888
84894
84897
84900
84905
84917
84935
84936
84939
84941
84955
84958
84959
84969
84973
84981
84981
84986
84986
84987
84996
84998
85003
85003
85009
85012
85014
85023
85031
85036
85038
85045
85047
85056
85056
85060
85062
85067
85095
85096
85111
85119
85128
85129
85134
85141
85145
85145
85149
85155
85164
85167
85169
85170
85171
85190
85192
85196
85202
85209
85215
85219
85245
85249
85252
85258
85271
85285
85286
85289
85289
85300
85303
85323
85329
85344
85348
85354
85356
85359
85364
85365
85379
85380
85382
85394
85403
85404
85409
85409
85422
85430
85433
85434
85437
85439
85439
85440
85449
85456
85467
85470
85473
85479
85483
85488
85489
85491
85494
85494
85500
85508
85512
85515
85517
85519
85522
85524
85532
85537
85551
85559
85575
85580
85592
85605
85610
85615
85620
85621
85621
85628
85643
85644
85651
85654
85654
85654
85656
85681
85688
85690
85697
85707
85714
85714
85729
85732
85733
85738
85749
85749
85772
85774
85783
85790
85797
85801
85802
85806
85811
85825
85825
85825
85830
85831
85833
85836
85839
85853
85856
85863
85866
85867
85870
85877
85880
85880
85881
85884
85885
85894
85913
85914
85941
85945
85956
85989
86000
86001
86002
86004
86008
86023
86040
86053
86072
86088
86091
86094
86098
86103
86104
86110
86112
86119
86119
86129
86130
86152
86153
86158
86162
86165
86167
86169
86174
86175
86176
86180
86180
86180
86182
86184
86185
86185
86185
86200
86214
86223
86235
86237
86238
86245
86253
86258
86267
86270
86276
86295
86298
86298
86302
86305
86309
86311
86318
86322
86329
86329
86332
86347
86348
86349
86355
86361
86372
86376
86377
86388
86389
86393
86398
86405
86405
86409
86414
86421
86426
86430
86442
86450
86457
86464
86465
86466
86470
86471
86475
86477
86478
86484
86491
86494
86497
86498
86501
86503
86507
86508
86513
86513
86513
86529
86531
86534
86545
86551
86553
86558
86561
86569
86571
86577
86577
86593
86599
86617
86622
86648
86662
86662
86663
86664
86666
86669
86671
86673
86675
86677
86715
86726
86734
86734
86734
86736
86743
86744
86755
86758
86762
86762
86765
86767
86783
86785
86793
86793
86800
86806
86809
86816
86818
86829
86836
86838
86842
86846
86870
86883
86886
86887
86894
86899
86924
86930
86937
86943
86945
86945
86949
86957
86960
86966
86967
86980
86980
86982
86989
87009
87013
87028
87032
87035
87046
87071
87084
87085
87102
87109
87109
87111
87113
87113
87122
87130
87131
87131
87135
87136
87138
87139
87150
87178
87181
87184
87186
87201
87209
87213
87214
87215
87224
87225
87251
87256
87261
87261
87262
87263
87265
87269
87270
87280
87292
87306
87308
87316
87322
87323
87324
87333
87341
87344
87365
87381
87388
87392
87393
87400
87401
87403
87405
87412
87422
87422
87426
87427
87433
87434
87435
87436
87449
87455
87456
87477
87500
87506
87509
87513
87523
87526
87528
87530
87542
87544
87547
87557
87558
87558
87566
87569
87578
87581
87599
87615
87622
87635
87642
87643
87644
87646
87677
87686
87688
87701
87702
87712
87714
87722
87725
87747
87756
87771
87773
87789
87792
87803
87805
87840
87841
87847
87847
87851
87863
87863
87863
87864
87874
87888
87894
87905
87905
87907
87911
87923
87926
87928
87935
87939
87945
87946
87953
87954
87957
87962
87966
87973
87979
87981
87989
87996
87998
88001
88006
88013
88014
88014
88028
88031
88037
88045
88045
88062
88065
88071
88074
88081
88086
88087
88090
88103
88104
88106
88111
88121
88128
88141
88141
88142
88158
88160
88181
88204
88205
88206
88214
88216
88216
88228
88230
88234
88234
88237
88237
88243
88245
88248
88249
88254
88259
88260
88264
88264
88267
88268
88270
88271
88271
88284
88288
88290
88290
88294
88294
88296
88301
88306
88309
88310
88316
88323
88328
88331
88333
88334
88339
88341
88348
88355
88357
88361
88380
88382
88389
88397
88412
88415
88418
88421
88423
88423
88425
88427
88431
88431
88446
88450
88452
88456
88462
88468
88470
88484
88484
88489
88490
88491
88497
88497
88500
88500
88508
88508
88519
88530
88533
88533
88541
88545
88545
88550
88554
88554
88555
88565
88574
88574
88577
88582
88582
88586
88587
88606
88607
88613
88616
88617
88618
88622
88628
88634
88649
88670
88671
88675
88683
88687
88690
88702
88710
88714
88714
88721
88741
88741
88745
88745
88750
88754
88759
88764
88769
88771
88772
88776
88784
88789
88792
88802
88808
88809
88811
88811
88814
88820
88824
88827
88827
88834
88841
88845
88848
88853
88854
88855
88856
88858
88863
88865
88872
88882
88892
88897
88898
88901
88905
88919
88922
88926
88931
88933
88936
88948
88963
88966
88969
88980
88989
88998
89007
89008
89011
89020
89021
89023
89026
89031
89034
89034
89040
89044
89044
89046
89046
89047
89053
89056
89066
89070
89073
89079
89082
89091
89098
89099
89103
89106
89106
89107
89109
89120
89126
89126
89129
89135
89152
89153
89164
89166
89177
89194
89197
89199
89211
89213
89216
89225
89231
89235
89247
89249
89268
89270
89274
89283
89293
89296
89299
89307
89312
89317
89328
89332
89344
89356
89358
89364
89370
89384
89386
89393
89397
89402
89408
89415
89419
89420
89425
89428
89439
89443
89459
89465
89468
89487
89499
89500
89531
89541
89543
89545
89556
89561
89562
89566
89572
89573
89576
89585
89590
89591
89591
89595
89596
89607
89608
89609
89611
89615
89624
89636
89639
89647
89653
89660
89665
89667
89681
89684
89700
89700
89701
89702
89712
89717
89718
89718
89727
89729
89738
89738
89741
89747
89751
89755
89762
89766
89779
89784
89784
89790
89795
89802
89813
89817
89818
89818
89819
89833
89844
89846
89846
89847
89851
89858
89859
89864
89868
89873
89874
89875
89881
89887
89891
89892
89895
89896
89900
89902
89904
89921
89929
89944
89952
89953
89953
89964
89975
89975
90001
90006
90012
90013
90032
90033
90034
90037
90048
90052
90053
90056
90062
90063
90065
90078
90090
90093
90095
90099
90102
90112
90115
90116
90124
90125
90134
90139
90141
90142
90150
90151
90156
90158
90161
90162
90170
90174
90176
90179
90191
90195
90203
90206
90209
90212
90216
90217
90222
90231
90231
90235
90242
90242
90244
90245
90257
90266
90266
90281
90285
90290
90297
90310
90323
90327
90343
90343
90352
90355
90363
90372
90373
90380
90380
90381
90389
90390
90402
90405
90409
90419
90425
90426
90428
90429
90430
90434
90443
90444
90447
90447
90448
90449
90456
90457
90460
90466
90476
90479
90484
90488
90490
90490
90497
90498
90505
90510
90516
90516
90532
90532
90537
90547
90548
90555
90557
90562
90566
90573
90578
90586
90587
90598
90600
90602
90611
90613
90614
90624
90637
90638
90645
90654
90658
90661
90669
90671
90677
90682
90689
90694
90696
90703
90704
90707
90709
90715
90721
90742
90746
90768
90773
90777
90789
90792
90799
90800
90800
90802
90808
90822
90825
90828
90830
90842
90847
90847
90847
90852
90852
90856
90865
90870
90870
90880
90881
90886
90892
90895
90901
90908
90908
90913
90916
90919
90923
90926
90937
90938
90940
90949
90952
90958
90962
90967
90972
90979
90994
91001
91008
91018
91020
91024
91025
91027
91028
91029
91029
91036
91054
91062
91078
91084
91088
91088
91094
91098
91101
91108
91108
91109
91111
91125
91127
91129
91131
91140
91152
91154
91155
91157
91164
91165
91173
91189
91197
91198
91205
91233
91244
91249
91251
91253
91265
91268
91272
91275
91277
91277
91282
91300
91300
91302
91316
91320
91322
91323
91324
91325
91326
91326
91345
91352
91355
91359
91360
91361
91365
91375
91387
91391
91396
91401
91403
91409
91413
91417
91419
91421
91425
91426
91431
91435
91435
91443
91446
91449
91452
91453
91462
91472
91473
91474
91481
91482
91511
91519
91522
91523
91527
91533
91548
91550
91554
91557
91561
91564
91569
91570
91571
91582
91584
91584
91588
91589
91590
91594
91594
91599
91606
91608
91612
91614
91623
91623
91623
91635
91635
91640
91642
91643
91646
91647
91675
91687
91690
91696
91696
91701
91707
91713
91718
91735
91739
91743
91745
91751
91751
91758
91762
91765
91771
91776
91779
91781
91781
91785
91786
91789
91793
91797
91810
91811
91812
91818
91824
91825
91826
91828
91830
91834
91839
91842
91847
91859
91872
91887
91887
91888
91889
91891
91893
91900
91901
91903
91904
91909
91910
91913
91914
91921
91923
91925
91927
91946
91950
91954
91956
91968
91972
91979
91985
92010
92017
92025
92026
92028
92034
92039
92042
92047
92047
92051
92051
92063
92065
92066
92106
92107
92109
92116
92118
92124
92126
92145
92146
92161
92163
92165
92168
92169
92170
92172
92175
92180
92197
92204
92219
92220
92227
92232
92233
92233
92238
92239
92241
92243
92252
92258
92263
92299
92308
92314
92321
92331
92337
92345
92355
92360
92362
92385
92390
92396
92414
92416
92417
92419
92422
92424
92426
92436
92440
92443
92458
92466
92472
92475
92476
92483
92487
92491
92492
92492
92513
92518
92519
92522
92526
92527
92534
92537
92541
92552
92557
92558
92564
92573
92580
92592
92593
92595
92610
92616
92618
92624
92628
92631
92633
92641
92654
92675
92682
92685
92695
92697
92714
92718
92721
92738
92750
92757
92764
92777
92784
92792
92799
92835
92846
92854
92855
92863
92878
92882
92885
92885
92896
92907
92914
92916
92921
92925
92927
92927
92931
92937
92940
92946
92947
92951
92951
92958
92960
92972
92981
92990
92991
93002
93005
93007
93014
93015
93017
93028
93036
93038
93044
93045
93047
93047
93053
93055
93055
93056
93058
93067
93072
93074
93079
93082
93088
93099
93102
93103
93107
93119
93122
93138
93140
93144
93148
93152
93152
93168
93182
93188
93188
93199
93203
93216
93216
93217
93217
93223
93246
93248
93254
93264
93274
93279
93283
93284
93290
93305
93314
93329
93341
93350
93353
93378
93379
93382
93388
93395
93395
93400
93411
93414
93417
93422
93425
93435
93436
93437
93440
93442
93443
93448
93455
93477
93480
93487
93492
93497
93504
93510
93515
93517
93520
93521
93525
93539
93546
93547
93551
93552
93554
93555
93561
93570
93583
93585
93587
93594
93595
93597
93599
93600
93601
93610
93616
93626
93632
93633
93648
93650
93656
93674
93683
93684
93685
93689
93701
93705
93706
93707
93716
93716
93719
93720
93722
93740
93742
93743
93747
93757
93760
93761
93763
93765
93768
93793
93807
93813
93819
93823
93824
93825
93827
93828
93831
93831
93834
93835
93837
93837
93839
93840
93842
93844
93845
93852
93854
93869
93881
93901
93907
93911
93920
93920
93922
93922
93922
93936
93950
93952
93963
93966
93969
93978
93980
93982
93984
94003
94008
94009
94011
94018
94026
94033
94047
94054
94056
94056
94058
94061
94061
94062
94064
94066
94068
94075
94082
94090
94093
94096
94097
94098
94099
94100
94100
94103
94107
94147
94154
94155
94156
94160
94161
94168
94174
94180
94189
94206
94207
94209
94210
94220
94223
94226
94227
94237
94238
94239
94246
94250
94253
94254
94259
94260
94271
94273
94277
94282
94284
94285
94300
94305
94306
94308
94311
94313
94316
94330
94350
94351
94357
94358
94362
94374
94382
94382
94389
94391
94400
94403
94403
94411
94413
94418
94427
94432
94433
94434
94440
94443
94447
94464
94469
94475
94475
94476
94487
94500
94508
94512
94517
94526
94528
94528
94534
94534
94540
94543
94546
94548
94552
94559
94560
94566
94567
94573
94575
94579
94580
94580
94584
94590
94592
94601
94609
94615
94617
94618
94628
94630
94633
94642
94651
94655
94669
94671
94673
94674
94675
94698
94719
94721
94723
94724
94734
94743
94746
94747
94761
94772
94773
94777
94779
94780
94782
94784
94785
94785
94786
94791
94791
94792
94792
94798
94819
94822
94825
94830
94842
94847
94847
94847
94871
94875
94881
94884
94885
94886
94886
94897
94901
94902
94909
94909
94910
94911
94914
94918
94922
94941
94952
94956
94960
94960
94962
94965
94977
94980
94983
94984
94990
94990
94990
94993
94997
95000
95001
95009
95010
95028
95030
95030
95030
95032
95032
95047
95060
95063
95068
95070
95078
95078
95086
95092
95093
95102
95109
95110
95113
95119
95121
95125
95131
95131
95136
95144
95165
95171
95171
95173
95179
95180
95181
95187
95187
95194
95195
95206
95208
95212
95217
95231
95231
95239
95246
95248
95258
95277
95301
95302
95316
95323
95325
95327
95329
95355
95370
95376
95395
95415
95430
95437
95438
95443
95448
95454
95469
95478
95480
95491
95492
95511
95512
95515
95517
95532
95537
95543
95548
95567
95568
95570
95581
95581
95581
95582
95596
95598
95600
95602
95605
95611
95627
95629
95630
95671
95679
95692
95692
95693
95694
95704
95706
95713
95715
95717
95721
95728
95731
95734
95745
95746
95747
95749
95751
95766
95769
95775
95778
95797
95798
95800
95807
95809
95812
95812
95829
95838
95841
95844
95859
95862
95870
95882
95885
95886
95888
95889
95896
95902
95902
95905
95906
95914
95917
95921
95932
95933
95949
95950
95968
95971
96008
96017
96024
96033
96042
96045
96049
96051
96051
96061
96063
96066
96083
96097
96103
96103
96129
96137
96155
96158
96163
96169
96170
96176
96181
96182
96201
96206
96206
96215
96226
96239
96246
96248
96250
96255
96257
96261
96265
96276
96278
96281
96289
96301
96302
96325
96325
96334
96336
96355
96356
96356
96365
96366
96376
96386
96388
96393
96402
96404
96416
96417
96418
96423
96425
96431
96436
96441
96442
96442
96443
96445
96447
96447
96454
96461
96462
96468
96470
96473
96477
96479
96482
96488
96490
96504
96520
96525
96525
96525
96542
96542
96549
96553
96555
96556
96566
96577
96579
96581
96586
96587
96592
96596
96598
96609
96609
96611
96614
96616
96625
96625
96639
96640
96655
96657
96658
96687
96688
96701
96705
96709
96710
96712
96714
96718
96723
96724
96729
96736
96743
96747
96759
96759
96762
96777
96779
96781
96791
96792
96804
96808
96808
96810
96816
96817
96818
96833
96834
96842
96842
96843
96844
96845
96866
96891
96912
96921
96933
96940
96947
96949
96953
96955
96967
96979
96991
96996
96998
97004
97008
97009
97011
97020
97028
97028
97035
97057
97061
97061
97078
97084
97085
97094
97112
97113
97120
97135
97148
97151
97167
97167
97171
97172
97175
97176
97183
97187
97188
97192
97193
97195
97197
97200
97217
97233
97239
97244
97264
97267
97279
97283
97286
97301
97312
97324
97341
97342
97342
97344
97344
97356
97369
97372
97373
97386
97394
97394
97401
97404
97405
97408
97413
97417
97425
97443
97448
97467
97474
97474
97485
97489
97495
97505
97510
97522
97528
97531
97531
97532
97537
97545
97553
97563
97573
97578
97578
97582
97582
97583
97587
97590
97594
97597
97605
97611
97621
97622
97627
97629
97630
97637
97638
97640
97641
97641
97646
97650
97651
97652
97654
97671
97673
97675
97679
97689
97711
97712
97715
97720
97724
97726
97732
97735
97739
97750
97752
97752
97752
97781
97790
97801
97804
97809
97810
97811
97819
97820
97822
97835
97847
97847
97847
97851
97854
97855
97856
97858
97862
97869
97878
97880
97892
97897
97901
97901
97907
97909
97924
97937
97939
97945
97945
97952
97953
97957
97968
97971
97973
97979
97980
97982
97988
97996
98011
98018
98023
98025
98026
98032
98032
98033
98037
98042
98049
98051
98054
98056
98061
98066
98066
98073
98078
98078
98079
98082
98085
98116
98127
98132
98134
98145
98150
98150
98151
98156
98164
98169
98181
98182
98188
98192
98205
98206
98210
98224
98235
98240
98250
98251
98251
98254
98258
98261
98262
98285
98288
98301
98313
98322
98323
98331
98348
98353
98356
98356
98360
98361
98364
98371
98372
98372
98377
98385
98385
98387
98388
98390
98391
98392
98393
98400
98400
98402
98411
98430
98430
98434
98438
98440
98447
98449
98452
98454
98458
98466
98468
98469
98473
98473
98474
98478
98482
98491
98491
98492
98499
98503
98522
98522
98523
98526
98527
98529
98549
98553
98559
98566
98568
98568
98575
98577
98584
98587
98590
98593
98594
98618
98620
98624
98628
98631
98636
98640
98641
98648
98649
98651
98660
98661
98661
98661
98665
98676
98678
98681
98681
98684
98687
98692
98702
98703
98707
98708
98709
98719
98720
98721
98739
98740
98754
98756
98758
98800
98800
98808
98819
98827
98828
98832
98833
98833
98841
98842
98850
98852
98859
98867
98868
98872
98877
98890
98907
98925
98932
98947
98951
98952
98962
98965
98970
98982
98993
98996
99005
99012
99013
99014
99014
99015
99015
99019
99030
99043
99074
99080
99083
99090
99095
99101
99113
99117
99127
99131
99134
99136
99143
99148
99149
99156
99164
99165
99168
99170
99176
99183
99183
99184
99184
99185
99189
99191
99195
99198
99199
99215
99216
99217
99231
99237
99239
99241
99253
99254
99259
99262
99274
99280
99282
99284
99285
99286
99288
99288
99289
99289
99302
99305
99320
99328
99330
99334
99336
99336
99338
99339
99339
99340
99342
99342
99344
99353
99354
99357
99372
99380
99387
99390
99390
99410
99427
99429
99431
99442
99461
99462
99463
99470
99480
99482
99485
99486
99489
99508
99508
99510
99513
99514
99515
99517
99519
99526
99527
99537
99541
99542
99544
99550
99553
99555
99558
99562
99565
99569
99574
99575
99576
99584
99586
99586
99594
99605
99614
99619
99623
99637
99640
99656
99658
99660
99662
99676
99706
99706
99708
99720
99723
99727
99727
99743
99744
99751
99751
99769
99778
99778
99780
99780
99805
99819
99823
99825
99828
99828
99834
99841
99843
99851
99853
99858
99875
99881
99894
99895
99900
99909
99912
99916
99918
99921
99926
99929
99957
99966
99967
99970
99973
99978
99979
99988
99989
99995
99998