1083 1101 56
5017 5019 96
2455 2397 368
1891 1446 387
1199 1203 480
3667 3612 485
2225 2001 677
5135 5129 703
3159 3101 743
3125 3181 745
2275 2212 995
4402 4453 1045
2436 2375 1065
1939 1937 1076
51 5306 1350
5073 5016 1406
2334 2339 1491
3728 3724 1542
1998 84 1678
3514 3445 1711
3514 3572 1786
3483 2126 1796
3650 3717 1862
4269 4267 1875
4186 4233 1958
941 946 1980
2371 2374 1986
4767 4710 2348
1050 1067 2504
1532 1513 2540
3877 3889 2580
2424 2487 2726
4122 4127 2757
857 868 2788
1834 686 2920
4742 500 2932
2640 530 3015
3027 3094 3039
3564 3626 3049
3878 3885 3222
192 181 3395
2719 2726 3512
5137 5132 3850
1226 1928 3911
5296 5329 4021
3745 145 4094
5326 5322 4242
3032 3091 4263
4793 4788 4356
5229 5233 4393
3413 3412 4424
518 521 4429
3878 3939 4443
4020 4013 4748
3661 3722 4778
3362 3304 4821
3128 3125 5045
3856 3842 5173
106 110 5200
3275 3214 5248
2892 2830 5304
3524 3458 5468
4765 4764 5620
2574 2575 5744
4759 4703 5813
2606 2670 5896
581 588 6024
1047 1032 6296
644 634 6396
4591 4593 6457
2820 477 6531
1905 1904 6565
4950 4942 6606
3723 111 6612
4540 4538 6655
4857 4858 6678
4199 4196 6763
4195 4248 6863
672 40 7007
4755 4811 7120
2960 3024 7133
2918 2911 7294
3118 3054 7334
4579 4574 7405
2609 2668 7690
179 3769 7735
1623 1861 7752
1999 697 7891
1297 1318 7911
2082 1909 7915
5040 5037 7939
1337 1332 8085
3498 3493 8140
2552 2619 8378
5099 5152 8504
531 2578 8544
3093 3031 8684
151 154 8720
1852 1731 8779
4521 4472 8810
4591 448 8918
3198 3195 9134
2204 764 9254
1170 1164 9302
137 122 9336
3571 3635 9468
3303 3362 9607
3144 3133 9730
3127 3132 9802
2221 2006 9885
4611 4559 9886
2581 2652 10213
1759 1771 10249
2003 2002 10271
4512 4461 10303
2438 2375 10346
2565 2566 10387
1671 1664 10415
2542 2474 10555
3522 3451 10633
597 611 10647
2099 3183 10710
4503 4553 10772
1372 1379 10968
536 527 10971
2421 2482 11099
151 150 11178
491 492 11222
3 7 11276
1678 1679 11277
341 4234 11456
3389 3379 11641
204 206 12007
4989 5038 12071
4880 4886 12076
1487 1485 12078
1748 1845 12162
1729 1733 12313
3259 3269 12343
1899 1441 12515
2735 2727 12661
3924 3853 12694
2067 2070 12793
3950 3955 12794
1307 1309 12912
3218 3157 13075
3223 3218 13242
2458 584 13275
5120 5116 13354
5104 5093 13491
424 407 13574
2896 2834 13689
2553 2555 13751
1641 1630 13756
4280 4223 13790
1299 1293 13890
1100 1083 13922
3434 3496 14145
621 618 14169
1861 2033 14190
5226 5167 14277
4937 4993 14281
5231 5179 14369
212 199 14581
4404 4405 14719
4953 4957 14742
973 979 14826
4381 4380 14882
4332 4272 14970
1076 1085 14995
4362 4360 14998
4075 4071 14999
4714 4769 15026
2875 2940 15046
276 303 15134
3011 3077 15291
1225 1244 15528
2799 2795 15760
4592 4645 15771
5165 5176 15822
1832 1833 16030
2735 2791 16137
1925 1263 16214
4550 4607 16235
4386 4329 16241
2114 3305 16309
1110 1096 16508
4770 4763 16520
1072 1059 16560
4910 4907 16645
1490 1494 16787
3543 3612 16886
1742 1741 16952
2022 1860 16957
1576 1564 17244
2298 2233 17284
5258 5207 17444
1099 1091 17680
3542 2137 17685
2264 2330 17759
2094 1928 17765
2089 1931 17984
3556 3550 18004
5058 5113 18186
749 760 18487
3250 3252 18616
4553 4607 18654
4512 4459 18817
278 254 18822
1560 1566 18988
51 36 19006
12 72 19142
2866 2923 19244
1324 1336 19299
4811 4869 19314
1885 1514 19348
4197 4190 19356
210 191 19413
4766 4820 19583
283 269 19825
3116 3175 19858
4259 4213 20004
4037 4047 20071
2735 2796 20078
1349 1347 20092
2238 2303 20213
3779 3714 20359
2720 2659 20477
3270 3260 20532
4983 4925 20547
2203 2210 20603
3562 3502 20820
4365 4415 20835
1847 2011 20844
2184 2175 20919
1754 1750 20975
1207 1202 20987
4237 4227 21166
194 23 21223
2529 2468 21479
2196 755 21496
3261 3198 21507
1149 1158 21684
444 2938 22117
2528 2464 22389
1752 1843 22536
2144 2142 22545
2080 1914 22571
2183 2241 22663
4403 4462 22674
4203 4264 22753
3093 3098 22867
4869 4917 22875
3946 4000 23047
71 796 23272
1390 1904 23301
4144 4136 23391
225 3656 23433
2987 2984 23440
3458 3459 23461
4117 4114 23531
4404 4398 23628
4759 4766 23714
550 2516 23717
50 52 23841
1643 1637 24259
3408 3470 24274
2716 2708 24428
224 222 24448
4846 536 24489
4861 4859 24539
2827 2834 24628
1850 2017 24690
2857 2923 24724
39 42 25128
175 29 25197
2723 2721 25200
1920 1912 25426
2858 2857 25438
1615 1610 25488
3237 3298 25575
956 975 25637
4642 463 25657
2384 2323 25780
5120 5119 25828
4039 4092 25869
1847 2007 25978
920 916 26014
5282 5229 26016
2814 2817 26209
4363 4421 26288
595 599 26340
4933 4873 26741
3134 3136 26800
36 52 26978
2864 2802 27110
1324 1311 27126
1333 1326 27132
372 353 27186
2079 2077 27498
1475 1478 27770
1907 1908 28216
5047 5036 28239
2862 2868 28349
5125 5131 28420
3539 3600 28450
551 2520 28614
3409 3344 28713
4881 4872 28725
4375 4324 29050
1412 1413 29065
3105 3098 29183
2688 2750 29406
3441 3501 29430
3742 134 29592
3773 175 29741
4713 4707 29862
341 355 29876
2266 2324 29901
4917 4859 30148
3561 3623 30172
1227 1207 30257
878 873 30391
4382 4322 30853
3522 3456 30900
5073 5074 31220
2883 2066 31264
4696 4742 31314
2293 2296 31355
2157 2152 31561
2711 2708 31762
1849 1843 31917
929 942 31968
1920 1921 32003
5242 5184 32331
666 5151 32340
3997 3941 32427
4623 4626 32443
4779 4783 32679
3906 3899 32750
2384 2387 32824
4172 4113 32920
3456 3393 32958
2768 2829 32991
2876 440 33207
3904 3902 33508
3737 115 33553
4290 4342 33658
2951 3007 33763
1604 1598 33892
4970 5029 33896
2652 2655 33942
3529 3536 33950
3729 3722 34068
23 32 34072
2311 2251 34088
3205 3149 34105
3955 4005 34285
4621 4622 34388
5024 5027 34485
5199 5201 34634
5292 5237 34693
2749 2811 34736
4831 4881 34812
1897 1427 34943
1575 1589 34990
2765 2830 35000
2602 2660 35003
2585 2643 35200
2297 2364 35351
301 285 35534
282 263 35669
1225 1211 35735
2947 2946 35807
2146 1984 36292
4409 4405 36605
282 261 36625
1114 1115 36765
4161 4152 36781
2833 2831 37032
6 11 37083
4866 4865 37102
4810 4806 37212
339 310 37294
3228 3292 37299
424 440 37343
4670 4610 37379
1526 1519 37611
1946 2117 37731
2544 2533 37809
3385 3380 38034
2891 2826 38060
2860 2917 38131
2821 2062 38182
3000 3056 38205
4896 4890 38262
1094 1088 38688
988 980 38696
4960 4955 38913
5191 5198 38956
3758 162 39158
4949 4890 39238
512 508 39538
4418 4361 39549
5276 5220 39583
3661 3721 39609
1770 1837 39751
343 330 39786
4484 4475 39882
490 487 39918
3554 3550 39930
602 585 40066
4528 4526 40075
1678 1675 40250
1816 1825 40327
4590 4640 40409
2009 2016 40434
2412 2410 40530
3315 3376 40573
2756 479 40663
1005 1013 40717
914 910 41034
3448 3386 41072
1938 2104 41150
4519 4576 41191
1525 1521 41195
900 892 41356
2844 2909 41392
583 588 41491
1961 1959 41530
1376 1369 41536
376 4335 41669
1681 1689 41764
3704 3709 41990
2846 2842 42225
1457 1464 42515
584 585 42590
1736 1744 42666
1227 1223 42875
2563 2634 42923
4286 4236 43163
4210 4204 43179
2934 2927 43260
1380 1383 43418
3176 354 43491
4606 4661 43604
3753 146 43623
4987 4996 43750
3573 3506 43776
3923 3851 43953
5041 4982 44022
458 440 44122
4775 4724 44250
3520 3461 44437
3997 4049 44556
2846 2845 44566
1132 1135 44649
5281 5282 44836
3571 3565 45001
1107 1093 45040
2532 2535 45072
4882 4929 45186
961 975 45526
2109 2107 45559
2984 2925 45582
1493 1496 45644
1510 1516 45873
1227 1931 46021
1009 991 46164
639 617 46188
2724 2782 46238
3495 3492 46264
744 732 46458
1211 1217 46503
4441 4435 46563
4414 4364 46767
5286 5239 46803
1851 1697 46838
3800 3795 46869
3553 3623 46903
3442 3438 46980
3212 3151 47324
4048 4049 47632
3392 3327 47727
3106 3174 48257
5138 5135 48310
1408 1428 48386
4833 4841 48502
123 126 48526
3692 3696 48552
3531 3465 48656
2653 2655 48775
1174 1181 49072
578 603 49197
384 407 49212
903 889 49431
1769 1747 49490
4959 4965 49577
538 505 49894
1415 1403 49925
2872 2938 49947
2612 2605 50019
3893 3884 50137
2573 2565 50181
1168 1169 50323
4176 4235 50429
2144 3665 50509
1561 1560 50596
2743 2747 50689
2823 2832 50865
2748 2677 50892
814 815 51285
2867 2799 51367
1934 1939 51369
4709 4649 51405
3788 5347 51416
4316 4319 51469
4546 4495 51513
89 84 51605
920 939 51634
1975 976 51871
1606 1602 51990
2854 2794 52101
2175 2168 52203
3249 3192 52335
4706 4660 52354
1897 2061 52384
3665 3729 52460
3433 3440 52530
1586 1872 53341
4355 4306 53426
2216 778 53453
3310 3312 53593
4269 4274 53625
586 604 53756
1873 1552 53784
3011 3016 53890
3918 3971 53934
1443 1462 54027
365 362 54040
5274 5319 54189
1634 1639 54351
1718 1722 54362
3258 3250 54559
3353 3285 54650
2687 2746 54844
2498 2566 54982
505 489 55134
5265 5315 55302
2193 2186 55435
2334 2337 55631
298 272 55694
3654 3649 55711
2395 585 55715
1989 867 55997
235 218 56716
5105 5158 56755
1504 1495 56875
3519 3527 57052
1335 1320 57151
4669 4667 57338
4856 4915 57431
253 255 57544
4765 4821 57556
906 1985 57822
1058 1056 57975
2862 2794 58084
3321 3255 58162
379 361 58527
1015 1029 58651
670 45 58690
2284 2348 58784
3034 3097 58813
1665 1651 59225
2154 3666 59356
2097 2099 59453
3032 3038 59456
1253 1245 59600
3351 3409 59710
229 3931 59754
1194 1181 60050
3863 3928 60080
4003 4007 60180
2973 2915 60213
5286 5233 60289
1098 1094 60313
2508 2570 60472
1661 1646 60563
3736 3670 60682
1901 2061 60794
1864 1871 61032
4533 4479 61059
1376 1378 61098
1945 2115 61107
3991 3935 61157
3193 3201 61282
1469 1465 61475
2175 718 61504
5292 5290 61571
3810 3892 61588
5106 5162 61634
1018 1009 61718
4154 4206 61839
2592 2656 61867
1703 1688 61915
1862 1868 61952
117 118 62328
4771 4719 62363
3605 2138 62423
2692 2631 62513
4798 4791 62616
629 5100 62632
1693 1681 62803
3299 315 62870
2937 2939 62878
3129 3123 62891
2886 2826 63066
3426 3425 63080
1771 1779 63204
2154 1987 63224
4417 4467 63306
2905 2916 63417
2054 1891 63422
1886 1514 63424
4764 4709 63496
379 389 63619
3977 3978 63785
295 3356 64017
2057 2056 64103
4800 4851 64312
3351 3415 64396
4417 4466 64430
2306 2301 64531
1812 1809 64581
1122 1110 64589
5096 5152 64623
6 68 64632
3997 3996 64657
2077 2076 64678
4004 4010 64938
169 3767 64985
2297 2299 65042
2165 702 65295
3336 3276 65389
697 688 65501
2537 2467 65510
2554 2613 65582
2147 2152 65609
4661 4671 65648
3418 280 65700
1518 1890 65792
4524 4517 65799
2579 2570 65818
2047 2056 65824
2167 716 65870
1154 1161 65908
2688 2684 65980
3699 3705 66073
643 632 66151
2732 2794 66180
3291 3290 66400
4931 4877 66421
1577 1581 66447
1283 1279 66475
4586 4634 66598
3999 3992 66752
1343 1352 66772
1973 991 66886
1519 1510 66949
1958 1964 67025
172 161 67169
303 4184 67215
1648 1652 67433
3860 3859 67517
3800 3894 67523
1241 1234 67546
2992 2927 67627
2568 2563 67707
2065 2074 67813
4133 4126 67890
2724 2717 67980
1858 1659 68257
3109 3172 68340
2440 2447 68427
3872 3862 68525
2025 2027 68562
2054 1896 68602
307 324 68609
5269 5217 68735
2048 2642 68772
3838 3905 68829
4556 4560 68902
903 896 68975
4838 4833 69145
5000 4945 69618
2154 1982 69656
630 607 69791
290 316 70004
1926 1932 70037
3545 3549 70083
3703 3711 70086
1907 1897 70295
4883 4879 70572
2935 2938 70649
973 964 70662
4970 5027 70671
4975 4919 70679
2763 2764 70908
2262 2253 70952
4779 4721 70957
1216 1215 71110
1001 987 71151
2799 2803 71199
2414 2357 71247
4348 4397 71296
5206 661 71421
2570 2639 71446
3449 3383 71504
4476 4425 71567
2573 2563 71673
3242 2110 72136
3591 3598 72234
1451 1461 72347
1945 1138 72356
4403 4458 72534
2685 2693 72537
1995 82 72652
2235 2293 72661
3058 3059 72770
3040 3107 72888
2509 2573 73464
3903 3910 73467
2763 2771 73581
1329 1340 73697
1405 1425 73775
3704 3643 74157
1196 1201 74176
1891 1445 74201
3582 3572 74272
503 501 74583
4300 4305 74626
1408 1425 74724
3788 5357 74797
4663 4661 74851
1452 1435 75012
1426 1442 75062
4937 4879 75106
292 274 75193
2948 2884 75309
1715 1729 75398
1122 1107 75401
1585 1567 75529
2402 2027 75653
3804 3884 75788
3985 3987 75805
4039 4091 75825
1549 1543 75947
2967 3027 76046
1919 1914 76093
1600 1612 76104
4920 4926 76194
2352 2342 76374
2918 2914 76380
1447 1441 76424
2433 2376 76467
1205 1211 76583
3359 3295 76624
4592 4644 76828
4249 4306 76841
304 4135 77108
1588 1585 77156
2722 2660 77195
2560 2564 77424
3870 3863 77427
3483 3424 77880
737 724 77934
5123 5179 78021
439 437 78085
3959 3957 78167
3611 3616 78202
3194 3260 78207
246 242 78309
5142 5140 78391
4629 4625 78520
3250 3255 78535
2416 2411 78596
3971 3982 78648
903 1984 78840
2992 2930 78968
3071 3130 79018
2489 2492 79245
391 366 79329
1844 2005 79411
3213 3279 79549
3818 3889 79619
4280 4334 79658
1016 1025 79965
1715 1709 80032
3673 3682 80036
2163 2000 80066
2854 2789 80263
4376 4425 80357
2648 2589 80418
4747 4689 80509
489 497 80726
5091 5088 80999
1485 1493 81116
1978 2143 81175
4759 4709 81211
5346 5354 81247
5005 5061 81257
1042 1034 81284
2315 2307 81328
4730 4739 81479
2513 2506 81708
5193 5136 81899
3491 3487 81927
1556 1562 81956
3118 3057 82014
4149 4141 82056
2053 2765 82097
1610 1597 82383
2023 1857 82385
4133 4129 82463
1146 1151 82598
1349 1352 82640
2080 3004 82808
2786 2787 82899
570 587 82962
5130 5178 82984
3247 3318 82993
4523 4515 83208
1173 1154 83266
1047 1044 83408
3994 4052 83888
5255 5201 83971
557 4900 83982
2149 2147 83996
4192 4247 84047
4371 4376 84213
4629 4630 84327
1768 1763 84471
5183 5187 84473
3894 3946 84713
4386 4335 84788
4034 4086 84790
5184 5129 84814
1697 1716 84942
3021 3085 84995
5244 5187 85032
2943 2942 85101
4949 573 85155
4255 4315 85186
1311 1326 85191
3935 3933 85328
2397 605 85409
4059 4107 85902
1961 2120 86027
4846 4792 86121
4195 4141 86158
3997 3995 86164
1202 1201 86231
4472 4420 86525
3758 165 86591
3063 3122 86911
2410 2475 87063
3108 3099 87177
2612 2607 87251
4082 269 87297
4487 4483 87327
76 82 87515
3499 3497 87759
564 567 87776
532 530 87868
622 2336 87870
2234 2175 87914
2163 709 87919
2885 2072 88041
542 561 88145
1751 1732 88205
3463 3459 88361
4958 4954 88390
3510 3445 88460
4352 4345 88467
3486 2128 88563
3654 3709 88681
629 615 88752
3101 3095 88915
4532 4590 88916
3398 3399 88993
2015 2345 89056
1010 1008 89227
4777 4773 89280
3619 3686 89329
4830 4833 89334
3614 3684 89401
2441 2439 89495
2438 2437 89578
1815 1827 89657
553 573 89663
4357 4307 89686
866 1987 89877
60 62 90019
3158 3167 90340
4714 4720 90346
600 579 90393
5100 5152 90405
2728 2660 90504
1371 1909 90720
4993 4942 90753
844 835 90767
4199 4146 90860
144 131 90971
3012 3007 91065
2412 2407 91154
3759 3696 91206
3018 3014 91355
3958 4009 91550
3135 3139 91615
4350 4408 91702
3348 3278 91748
1191 1207 91767
4980 4933 91805
2841 2901 91868
4276 4217 92016
5256 675 92076
540 519 92256
2843 2837 92502
2697 516 92744
4697 4752 92754
5288 5279 93095
3790 5356 93122
4501 4555 93398
483 482 93424
1962 1954 93479
3531 3600 93484
1772 1788 93507
4234 4230 93529
336 353 93549
4123 4065 93603
3176 352 93733
4541 4589 94052
2421 2427 94062
3703 3648 94088
3592 3655 94221
4270 4319 94241
967 984 94278
1664 1660 94311
5112 5060 94431
4512 4564 94454
4288 4277 94460
3514 3453 94497
2981 2912 94589
1857 2017 94667
4729 4728 94807
2164 2171 94826
2654 2660 94887
2511 2503 95042
460 2815 95181
3231 3229 95322
4623 4633 95374
3954 3964 95431
2090 1932 95432
252 235 95501
2543 2605 95545
857 851 95546
2533 2531 95598
2271 2280 95685
3144 3084 95732
3348 3339 95815
3298 333 95826
122 112 95842
1907 1904 95869
3874 3931 95882
3745 3756 95886
4387 4338 96001
2225 2162 96010
2548 2611 96052
4301 4247 96132
5280 5225 96143
5127 5179 96227
4366 4363 96285
785 786 96402
4056 4003 96485
1165 1169 96510
5131 5182 96520
1622 1864 96727
2712 2643 96784
1507 1514 96820
660 790 97382
4331 4325 97462
1766 1847 97502
3273 3269 97560
3825 3829 97603
2437 2434 97615
830 83 97746
522 492 98075
2812 2819 98089
930 932 98092
5221 5161 98107
1398 1407 98230
2295 2357 98297
3547 3557 98485
2846 2784 98496
1300 1316 98964
3673 3612 99047
2843 2784 99097
626 5048 99115
1621 1630 99285
1588 1580 99351
1969 1966 99384
3788 3789 99446
1914 1910 99628
292 313 99649
2498 2564 99752
3626 3560 99848
2030 1871 99949
560 566 99967
2346 2342 100051
2595 2537 100106
4051 4100 100126
4176 4123 100215
2569 2633 100271
836 834 100274
1226 1207 100337
3150 3139 100392
3344 3405 100396
3904 3959 100466
3460 3468 100618
1194 1942 100830
2573 2631 100904
3856 3850 100907
243 3598 100994
1375 1391 101303
205 3655 101419
1481 1484 101473
3497 3500 101695
2272 2279 101841
2506 2503 101960
3343 3278 102078
2228 2223 102219
2856 2788 102366
3205 3140 102383
1822 1801 102472
620 617 102569
4914 4963 102674
533 2640 103029
3553 3620 103320
4372 4314 103385
1929 2100 103445
4024 4023 103540
2978 2922 103581
290 271 103687
3040 3046 103736
3004 3006 103888
2276 2273 104086
359 4338 104157
2134 3484 104273
2444 2438 104279
1249 1244 104516
3559 3502 104670
1459 1464 104723
156 152 104731
4123 4062 104969
3122 3186 105023
3658 3653 105099
4190 4247 105211
5085 5026 105360
2120 2125 105503
2059 1892 105566
3737 3669 105685
2697 498 105691
1287 1299 105739
744 733 105771
2548 2488 105889
1251 1244 105930
2169 2162 106003
1551 1558 106124
4500 4503 106165
4560 4565 106229
4716 4713 106344
3761 3695 106421
2431 2376 106452
3361 2119 106454
1940 2106 106459
1819 1824 106539
1864 1856 106604
3289 3284 106703
662 631 106724
3817 5339 106758
2477 2476 106870
19 196 106873
3619 3626 106919
3121 3132 107021
1970 2131 107030
678 653 107150
5287 5233 107515
5063 5011 108050
1730 1737 108073
4887 4936 108108
3428 3369 108135
2973 2913 108197
4817 4762 108889
3482 3425 108958
4217 4275 109048
642 631 109131
2516 2511 109138
3178 3175 109152
4525 4580 109159
2540 2610 109161
4930 4938 109415
146 152 109443
3017 3081 109662
4912 4910 109697
1946 1951 109753
1533 1884 109810
3653 3583 109985
3690 3681 110305
3704 3711 110371
4898 575 110377
3718 209 110419
2423 2429 110771
4719 4720 110930
3642 3633 110992
1863 1860 111066
2351 2342 111113
2177 2243 111147
4151 4156 111219
4491 4492 111250
2263 2271 111259
3771 3774 111292
3002 3008 111307
4324 4273 111334
2118 2123 111413
283 267 111485
3591 3650 111634
3320 3254 111896
5349 5356 112100
3217 3152 112298
2738 2743 112311
3037 2974 112343
4730 4741 112401
4620 4671 112463
5210 5162 112567
2085 3006 112777
4408 4411 113125
1856 2019 113234
5184 5178 113259
264 257 113263
1226 1932 113326
346 360 113400
3329 3332 113457
2208 2214 113664
665 650 113677
1862 2033 113912
869 865 113932
3740 137 113981
664 5155 114037
2310 2302 114081
5345 5349 114096
2688 2623 114287
550 2575 114291
425 419 114397
337 324 114484
3014 2947 114629
2508 2501 114648
2517 567 114749
4639 4631 114807
3141 3139 114914
784 776 114969
637 618 115022
883 884 115045
3332 3340 115064
4888 4890 115181
76 86 115185
4892 4897 115205
5188 5179 115342
2879 439 115494
3520 3460 115557
427 447 115685
5175 5233 115721
2843 2902 115773
2306 2245 115813
3332 3402 115915
4365 4420 115982
3082 3140 116170
4842 4848 116281
4047 4054 116367
1465 1458 116632
1623 1619 116663
584 566 116669
1993 851 116767
1725 1719 117121
5075 5126 117474
555 553 117598
2685 2682 117646
2732 2799 117689
4439 4492 117691
2499 2564 117989
457 478 117994
2081 2079 118129
1890 1516 118318
216 198 118531
2447 2453 118563
2042 2039 118579
676 675 118641
4160 4107 118715
3032 2965 118809
4219 4274 118821
2441 2380 118964
5175 5170 119075
4958 4956 119093
1865 1657 119123
1434 1431 119283
3814 3815 119326
4380 4431 119429
3771 3777 119526
4839 4897 119594
2141 2137 119686
1423 1428 120008
2227 2223 120057
2652 2589 120176
3143 3073 120214
691 687 120531
4540 449 120544
2304 2294 121121
2572 2639 121360
169 3769 121402
1585 1568 121441
1712 1700 121659
2310 2303 121861
259 3539 121924
4815 4810 122242
3096 3085 122260
2041 2643 122435
3104 3045 122553
2486 2556 122702
3118 3059 122756
5063 5123 122786
2163 2232 122796
4754 4755 122808
929 913 123022
179 168 123060
409 4490 123083
1782 1790 123175
210 3660 123265
3483 3422 123343
3748 135 123390
3809 3901 123651
3430 3421 123689
2038 2035 123876
2540 2546 123898
1900 2070 124140
3283 3280 124314
924 937 124588
2262 2198 124611
4608 4552 124705
3476 281 124795
4376 4319 124827
2547 2551 124830
200 231 125192
1621 1625 125406
4774 4772 125449
1366 1363 125499
4670 4724 125517
4755 4804 125926
4767 4708 126134
620 599 126194
3949 3942 126556
714 713 126699
1222 1218 126828
3256 3191 127090
3346 3347 127168
5056 5113 127204
3773 3705 127230
4524 4516 127265
1568 1569 127278
5209 5156 127437
742 737 127510
3113 3120 127530
4843 4842 127589
3452 3454 127752
4765 4707 128022
639 618 128059
2045 1880 128234
2539 2535 128242
4473 4477 128324
3122 3131 128389
2091 1924 128467
3413 3417 128757
1254 1263 129073
1395 1403 129086
3746 3745 129197
905 892 129383
3066 3127 129424
4888 4939 129452
5261 5215 129488
4030 3977 129559
5194 5137 129942
4857 4807 130395
3033 3038 130623
2760 2816 130689
5050 5100 130730
3322 3263 130782
4479 4478 130879
3930 3978 130893
4054 4000 130986
5134 5133 131186
283 284 131189
2877 2940 131489
2448 2437 131509
4325 4271 131522
3316 3251 131590
1698 1853 131625
4175 4183 131633
546 547 131715
3057 405 131767
1173 1943 131783
4434 4489 131859
3230 3291 131936
5272 5217 131996
39 40 132057
3162 3221 132086
1413 1426 132161
2653 2662 132188
3296 332 132192
1336 1332 132363
4172 4118 132394
71 84 132396
593 577 132511
4831 4885 132625
161 157 132648
1603 1593 132668
4894 4900 132779
3264 3255 132925
4388 395 133000
4743 4689 133041
2800 2793 133152
1613 1601 133182
4023 3971 133234
4458 4465 133237
1972 996 133244
5095 5091 133270
3240 3171 133395
1842 2004 133520
1224 1216 134065
4653 4705 134188
3354 3411 134350
2619 2562 134390
3211 3274 134482
2585 2641 134694
421 420 134749
2388 2383 134753
4539 4589 134849
4490 4436 134943
5043 5096 134961
4447 4397 135035
646 634 135227
1948 1139 135232
2555 2561 135282
3703 3640 135392
3630 3564 135478
3424 2122 135499
715 711 135501
4676 4667 136067
162 148 136124
2018 2017 136200
1898 1442 136243
657 791 136271
4323 4319 136425
3121 3124 136613
4829 4779 136834
1975 2145 137207
2145 1980 137367
4653 4701 137484
2992 2997 137592
98 3723 137665
1145 1131 137669
5165 5173 137925
5120 5172 138041
3035 3094 138186
3036 2968 138256
4355 4362 138296
2022 1853 138568
2183 2250 138574
4831 4826 138789
288 285 139155
2591 2649 139237
1214 1210 139261
5342 5336 139271
3777 3715 139360
4847 4840 139388
101 86 139476
1956 2116 139554
4153 4098 139574
1199 1206 139624
3273 3280 139627
2822 2881 139777
5285 5322 139841
4682 4630 140225
534 510 140334
3446 3384 140407
593 5001 140476
1099 1104 140692
1466 1453 140818
2543 2483 140858
2369 2367 141040
3117 3051 141312
3313 3309 141333
4429 4425 141347
4190 4188 141435
3582 3647 141626
1140 1126 141749
4097 4098 141775
1464 1462 141800
3381 3379 142113
5098 5145 142139
2963 2955 142195
352 351 142353
2733 2671 142447
3134 3067 142497
3658 3599 142560
3464 3462 142662
2485 2492 142769
5283 5287 142784
4891 4940 142787
2993 2995 142798
3996 4044 142868
4922 4873 142875
338 310 142945
2441 2434 143029
938 945 143034
1085 1101 143058
2917 2915 143060
3554 3562 143100
3037 3042 143236
2364 2363 143354
4776 4769 143459
2410 2418 143464
1518 1505 143528
3430 3372 143571
17 29 143686
1875 1550 143718
3339 3272 143730
276 278 143875
5059 5010 144040
3218 3284 144346
3223 3228 144688
3614 3681 144717
1523 1516 144833
1794 1798 145023
3854 3921 145255
3302 3365 145305
3245 3181 145373
5247 5302 145397
3499 3560 145406
1941 2108 145498
481 482 145510
1137 1118 145590
2406 2470 145612
4020 3959 145773
2352 2347 145823
2154 3663 145939
21 184 146206
826 830 146220
695 687 146320
3935 3944 146343
1780 1778 146718
3521 3586 146818
1745 1747 146883
5286 5234 146911
880 875 147047
3712 3719 147298
3098 3039 147351
4418 4363 147492
1141 1154 147503
1957 1065 147526
5192 5185 147586
481 472 147633
2475 2473 147651
850 855 148032
1779 1792 148099
1212 1937 148153
608 581 148189
558 572 148477
4026 4028 148535
1484 1479 148601
988 990 148846
291 307 148928
755 2191 149142
1949 2117 149361
4287 359 149445
3791 3793 149473
4853 4807 149632
3872 3860 149752
2198 755 149855
3563 3623 149882
5136 5186 149999
3472 3469 150098
313 310 150236
903 904 150244
2796 2788 150261
2848 2787 150337
4635 4640 150611
349 329 150799
3126 3183 150858
2345 2018 151002
2236 2169 151121
1730 1740 151127
2859 2926 151178
381 400 151300
5151 5097 151303
4507 4500 151384
5239 5185 151406
1074 1080 151501
811 832 151674
4080 283 151713
3904 3958 151800
1892 1902 151843
5334 5339 151953
2132 2136 152095
420 422 152219
3051 3046 152387
836 851 152551
75 82 152651
2899 2902 152768
2404 2019 152824
35 42 152825
3434 3498 152834
4659 4717 152839
3170 3173 153103
4216 4273 153133
1666 1658 153140
4075 4072 153165
3637 3574 153218
2700 2758 153232
3639 3574 153297
5072 5021 153382
2244 2242 153497
4776 4723 153572
1625 1609 153785
4969 4963 153838
3450 3440 154015
1043 1048 154033
5296 5328 154092
5180 5181 154249
129 134 154284
5008 4953 154432
4786 4780 154464
392 4439 154472
2222 2004 154633
4620 4624 154744
2506 2573 154798
1868 1585 154929
2301 2297 154976
1192 1172 155026
457 2817 155268
3755 3690 155295
4088 4040 155480
4123 4126 155482
643 647 155608
3227 3294 155641
1606 1614 155702
374 355 156105
1344 1355 156165
3229 3299 156222
2105 3244 156343
4903 4908 156485
4551 4547 156512
1463 1464 156558
4817 4868 156562
2841 2776 156571
2412 2469 156594
3307 3369 156626
5135 5187 156697
3597 3534 156701
3866 3869 156747
264 238 156791
1478 1889 157042
3323 3264 157050
689 703 157127
1013 997 157172
496 495 157293
105 117 157572
4313 4364 157680
4964 4908 157763
1159 1156 157778
2534 2478 157795
3336 3341 157949
3238 3296 157976
2863 2802 158107
1067 1962 158350
4768 4707 158413
2603 2598 158420
1001 992 158517
1355 1333 158549
3361 3305 158752
2305 2370 158808
5056 5108 158926
4778 4833 159022
738 722 159244
5220 5166 159367
5108 5166 159508
962 951 159608
627 5102 159643
1865 1643 159834
2301 2293 159841
3771 3708 159881
3669 3602 160108
1605 1868 160116
2849 2779 160126
4902 4906 160137
3017 2952 160365
4627 4676 160609
3013 2952 160637
3314 3254 160857
3210 3275 161167
2502 2501 161187
4194 4201 161219
2862 2852 161231
1444 1424 161341
3537 261 161574
2867 2929 161677
4329 4322 161737
621 596 161779
3354 3287 161858
1249 1262 161963
1732 1740 162022
5225 5232 162052
1497 1513 162156
2053 1887 162167
2221 2288 162389
1756 1766 162523
2427 2485 162608
3840 3846 162728
1262 1279 162827
3192 3186 162873
5147 5087 162965
5108 5116 163117
3808 3806 163187
21 29 163194
1285 1290 163295
816 822 163339
5288 5238 163510
1287 1292 163871
1579 1587 164212
3200 3193 164231
2267 2207 164427
2216 791 164438
4653 4648 164586
3278 3218 164623
4122 4072 164736
2510 2574 164968
2099 1931 165447
3490 3558 165508
2018 1860 165586
4269 4321 165639
2747 2805 165647
4732 4782 165682
271 257 165702
3384 3439 166022
3871 3860 166033
254 238 166277
1682 1679 166318
4523 4578 166395
4315 4320 166476
279 3418 166732
1027 1033 166860
4542 4492 167208
623 605 167389
1874 2038 167395
4158 4101 167449
3517 3456 167477
829 837 167700
4057 4064 167737
300 316 167871
4259 4211 167914
5199 5192 168235
327 351 168290
281 261 168464
3352 3414 168486
3586 3577 168554
3311 3317 168613
2741 2673 168648
4315 4262 168690
2099 2105 168693
2750 2748 168729
2607 2668 168770
2912 2905 169039
1192 1943 169092
2879 442 169095
3915 3971 169309
2190 2182 169346
809 808 169395
3199 3268 169523
5257 5308 169583
4028 3973 169934
4988 5036 170082
421 407 170106
2239 2179 170250
2777 2768 170392
956 964 170462
2399 605 170649
3703 3768 170748
2263 2203 170791
3329 3267 170850
4252 4300 170873
2728 2723 171297
1462 1445 171317
4882 4871 171389
540 4848 171405
4883 4878 171436
3955 4015 171527
3776 3769 171560
682 680 171651
144 142 171727
459 462 171752
4489 4538 171849
2238 2176 171863
73 79 171897
1193 1188 171962
4174 4163 172015
4400 4451 172244
3810 3896 172443
224 210 172475
3691 3634 172476
5265 5258 172699
2052 1883 172714
2175 716 172851
640 631 173228
4579 4639 173353
2284 2290 173372
818 832 173457
343 353 173463
4318 4325 173501
2486 2490 173645
312 317 173832
3008 3077 174062
1414 1424 174068
2420 2355 174130
3402 3405 174215
1949 1138 174367
3321 3390 174370
804 798 174447
2451 2510 174544
2514 2576 174564
4624 4674 174589
3240 3298 174668
2948 2885 174707
345 368 174761
222 246 174814
489 469 174966
1147 1164 175001
938 944 175165
1528 1540 175285
3100 3165 175341
3580 3581 175514
5110 5057 175527
2706 2644 175610
2221 2232 175767
853 864 176016
4386 4337 176262
95 110 176266
689 681 176419
4684 4630 176443
2213 783 176461
2769 2832 176477
312 320 176597
4284 4235 176683
93 84 176847
2203 2209 176932
4899 575 176958
3493 3490 177053
4172 4180 177319
1327 1330 177537
2714 2711 177662
4584 4639 177704
1191 1187 177789
694 1805 177822
2276 2212 177972
4483 4489 178196
4288 4227 178347
5079 5069 178467
5049 5044 178515
3014 2955 178528
4951 591 178571
1161 1166 178608
2496 2551 178732
1582 1580 178914
565 586 178922
1836 685 178938
3169 3180 179003
1920 1917 179127
5014 4964 179138
634 655 179257
1986 1987 179288
4913 4862 179326
3133 3139 179352
1917 2079 179448
1605 1610 179469
4371 4365 179501
1769 1784 179523
5050 612 179561
3349 3411 179576
3136 3140 179846
4318 4265 180096
364 363 180135
3770 3710 180272
4177 4184 180499
3740 3738 180603
2279 642 180623
3652 3715 180642
4334 4333 180772
4532 4478 180954
3872 3857 181083
1284 1269 181410
4454 4461 181496
4525 4463 181501
1465 1468 181523
1948 2110 181591
5227 5273 181683
4838 4786 181965
1918 1318 182039
3627 3560 182150
1072 1068 182165
1547 1555 182465
4406 4466 182777
3742 128 182796
2778 2772 182880
4377 4432 182896
5193 5192 182926
1923 1918 183179
2532 2528 183209
2883 2888 183322
4837 4781 183420
2194 2201 183433
4575 4625 183460
4767 4709 183695
2584 2652 183703
3373 3381 183848
205 208 184282
3096 3094 184284
5057 5062 184321
5324 5323 184334
4878 4933 184522
3026 3092 184542
1373 1389 184623
4655 4714 184640
5220 5213 184669
4029 249 184761
2553 2496 184969
4510 4462 185152
856 842 185348
3230 3168 185498
152 3760 185506
4874 4814 185578
5294 5325 185628
3331 3340 186009
1287 1294 186172
2204 2205 186343
4898 4950 186482
1370 1362 186635
3207 3268 186833
2233 2170 187053
2397 2332 187061
133 137 187185
4129 4120 187281
3923 3927 187337
1775 1773 187516
3913 3919 187611
648 628 187623
2177 728 187692
3126 3189 187777
1550 1877 187797
4419 4480 187864
3312 3317 187882
2612 2611 187972
617 614 188183
1005 1017 188191
2738 2806 188331
1406 1425 188457
4512 4455 188550
5065 5016 188641
1068 1065 188691
2308 2307 188698
2871 2930 189085
3090 3154 189124
4363 4305 189193
3297 316 189368
3428 3372 189447
4445 4396 189538
2628 2557 189918
2400 2396 190144
270 4032 190165
4287 357 190271
2312 2305 190336
4129 4122 190529
2722 2780 190668
3427 3424 190959
3927 232 191054
1013 1966 191069
238 241 191218
3066 3129 191387
406 401 191644
1359 1346 191995
1709 1719 192244
2957 2959 192353
4330 4326 192387
202 215 192448
1346 1360 192530
4987 4990 192880
2151 2149 193059
3965 3968 193100
3299 318 193181
295 317 193293
3549 3556 193354
5203 5197 193356
272 282 193389
665 5206 193423
1339 1356 193433
5180 5185 193450
161 159 193644
3060 3050 193776
3250 3186 193826
4356 4349 194003
1509 1503 194156
2661 2670 194188
1023 1025 194237
2949 2945 194299
5095 5151 194317
4295 4241 194615
2225 2221 194618
3938 3942 194673
2893 2827 195140
3409 3345 195194
4164 4162 195352
4727 4669 195596
61 56 195930
4035 4042 195938
4782 4841 195977
4827 4771 196113
1832 1827 196148
4481 4483 196769
3204 3138 197191
2310 2374 197360
3204 3197 197457
3325 3270 197493
1652 1655 197604
3950 3890 197918
4130 4135 197920
2718 2654 198208
2702 2646 198287
4530 4524 198319
353 3175 198409
3262 3264 198610
4296 4238 198779
290 291 198791
1999 696 198824
5090 5037 199193
4070 4069 199208
4621 4675 199237
3485 3486 199766
381 387 199768
547 545 199882
5114 5165 199965
755 739 200219
5176 5119 200234
1372 1390 200277
1043 1033 200389
2163 702 200398
2160 3722 200464
983 980 200561
2965 2972 200838
3656 3652 200892
1858 1859 201284
4889 4942 201293
2311 2245 201341
1958 2129 201369
4742 4741 201415
106 3732 201475
4622 4571 201516
2213 2219 201542
1531 1535 201635
191 3717 201775
799 798 201911
5151 5096 202108
1586 1593 202126
1374 1910 202180
2226 2287 202226
164 148 202238
2110 3244 202428
4828 4829 202436
227 210 202513
2663 2660 202629
1661 1855 202720
535 4798 202744
4626 4683 202870
3571 3579 202942
3597 243 202959
1226 1234 203408
3052 3111 203620
3638 3574 203905
4696 4643 203908
3868 198 203999
1868 1866 204000
76 81 204396
4731 4726 204402
1900 2069 204456
2452 2460 204491
4933 4938 204671
4625 4616 204705
4409 4461 204796
1076 1071 204851
270 285 204891
3683 3616 205104
5293 5243 205207
3771 3779 205352
4951 589 205694
1374 1377 205838
3480 260 205892
145 136 205964
4179 4236 205999
1198 1212 206032
1799 1790 206042
5159 5170 206101
3031 3038 206473
3742 3733 206578
4150 4143 206732
3743 3740 206890
1557 1559 207231
4838 4898 207241
2144 2139 207265
468 465 207318
3037 3043 207504
2512 2570 207687
3074 3137 207921
338 356 207968
3907 3954 208004
3488 3432 208062
3431 3438 208457
5138 5089 208551
3192 3254 208574
699 681 208875
2369 2362 208955
3543 3485 208972
424 400 209167
4989 4933 209193
816 70 209248
4614 4553 209455
347 348 209592
2412 2344 209646
4247 4244 209724
4480 4479 209815
951 954 209946
246 3599 209981
4476 4479 210058
19 181 210084
3096 3100 210396
3730 3668 210457
4832 4833 210475
2886 2887 210517
3744 3733 210522
3765 3769 210527
3492 3549 210528
717 2178 210594
3109 3043 210621
788 669 210650
1364 1372 210658
4245 4244 210876
3029 2966 210978
3938 3884 211207
3258 3263 211324
430 4538 211327
372 366 211334
1694 1691 211350
967 963 211352
515 493 211818
1527 1540 211947
3692 3695 211949
756 762 212004
4359 4412 212046
178 30 212125
1046 1962 212622
2170 2169 212660
3861 3858 212697
2311 2381 212961
4744 517 213110
4317 4269 213170
1509 1518 213270
2773 2781 213320
3031 2974 213377
635 658 213464
1588 1870 213482
2083 2080 213581
313 334 213611
1007 1016 213837
3519 3518 213882
5221 5217 214192
1859 1677 214238
1928 2100 214517
4154 4155 214671
3015 3073 214684
2840 2781 214821
3653 3644 214915
3484 2130 214994
5203 5205 215234
2099 2106 215303
4451 4450 215334
4578 4571 215356
1307 1294 215468
3611 3544 215619
4677 4668 215652
1147 1156 215679
774 761 215747
3317 3378 215783
277 280 215805
4687 4639 215958
1146 1131 216178
25 188 216242
5292 5240 216319
1443 1428 216324
2779 2784 216569
2948 3013 216633
1532 1516 216710
4753 4811 216735
1459 1895 216910
603 604 217315
192 3720 217376
1291 1307 217454
1608 1585 217816
1379 1386 217937
2769 2830 218329
554 525 218407
3437 3427 218504
967 980 218655
5105 5161 218736
4054 4104 218822
4802 4863 218971
202 234 219113
2561 2497 219208
3078 3079 219273
2929 2928 219498
2218 778 219579
4335 4334 219915
2440 2502 220040
4403 4343 220057
2533 2600 220069
2543 2475 220159
4311 4305 220291
2140 3606 220405
851 846 220418
918 917 220575
1982 938 220633
551 565 220715
4615 4614 220745
1613 1617 220804
2948 2882 220833
426 406 221066
3233 3239 221093
5093 5094 221662
4279 4271 221669
856 864 221772
437 465 221801
4269 4264 221804
3022 3080 222097
803 807 222328
4694 4640 222329
979 983 222347
4911 4854 222693
1364 1360 222770
4092 4147 222908
5296 5289 222964
4596 4648 223163
3221 3277 223352
2722 2787 223459
316 289 223581
4579 4577 223803
3749 3747 223990
913 915 224299
743 752 224506
4250 4246 224590
4733 4675 224731
4416 4420 224806
3319 3382 224829
1869 1864 224838
3997 4054 224875
2872 2875 224939
5195 5149 225036
4990 4932 225084
2300 2367 225086
4417 4421 225282
2190 2246 225549
1507 1524 225555
4870 4862 225564
2999 408 225577
836 838 225630
2573 2632 225746
1574 1561 225926
2967 3028 226137
454 467 226343
3319 3314 226540
2893 2955 226552
1817 1823 226644
2704 2642 226951
644 628 226972
2405 2343 227100
695 702 227127
4129 4067 227284
2089 1923 227323
535 4849 227352
660 659 227660
2799 2742 227674
1971 1963 227729
3333 3268 227802
624 604 227812
5248 5242 227833
3209 3145 227958
255 269 227968
3200 3139 228137
3904 3903 228325
3510 3568 228341
3475 3479 228483
1680 1660 228565
538 528 228585
2669 2666 228605
973 958 229060
5150 645 229235
1627 1630 229316
2102 2107 229375
3832 3823 229658
2287 2356 229719
1879 1887 229781
2426 2432 229789
2267 2200 229824
4192 4142 229885
2274 2280 229950
2088 2089 230007
2289 2294 230140
3746 3753 230369
3528 3465 230416
21 188 230428
2081 2945 230563
2040 2038 230635
2607 2614 231000
3435 3436 231043
4556 4563 231074
2586 2641 231099
3908 3962 231347
5065 5063 231490
1831 1829 231621
810 799 231631
3633 3567 231676
2306 2246 231808
3323 3326 231880
1665 1660 231935
5136 5141 231937
3779 178 232096
285 269 232141
4728 4783 232290
3206 3266 232296
1730 1734 232322
4359 4364 232630
1708 1704 232710
3275 3279 232982
1146 1135 232989
2806 2813 233276
5080 5132 233519
2305 2369 233533
558 540 233547
1228 1933 233709
2799 2731 233749
1337 1338 233814
5286 5326 233923
4757 4700 233975
4516 4572 234026
1686 1678 234428
4178 4126 234451
1110 1101 234620
4405 4349 234663
2512 2580 235003
2434 2372 235106
2440 2379 235233
4610 4671 235241
2382 2314 235378
3230 3240 235390
4772 4722 235563
3584 3654 235737
3770 175 236014
643 630 236027
4278 4227 236460
4494 4495 236523
2373 2366 236580
1971 993 236740
553 4897 236882
548 567 236940
1284 1274 236955
2807 2810 237002
1570 1560 237074
3241 3186 237268
1718 1728 237292
3894 3881 237379
4066 4069 237426
3422 2124 237437
1229 1211 237563
2886 2941 237596
682 65 237669
940 1980 238018
2953 2964 238120
1961 1050 238224
5243 5185 238228
3650 3643 238240
2388 2384 238295
4919 4911 238426
1769 1760 238452
2324 2393 238686
4387 4436 239172
2200 761 239449
2602 2595 239473
2838 2836 239544
1267 1269 239657
4038 4045 239941
3224 3220 240170
4531 4521 240203
3236 3240 240224
4870 4863 240373
2574 2636 240403
1303 1310 240619
2262 2318 240652
125 114 240881
4955 4904 241133
5080 5131 241207
1348 1360 241208
2731 2800 241331
2861 2799 241573
4696 4745 241710
794 75 241824
4076 4134 241885
5188 5242 242028
1729 1717 242253
4964 4968 242358
4526 4470 242390
677 38 242402
2608 2665 242568
99 110 242671
4533 4535 242694
444 418 242733
3197 3188 242818
1978 955 243075
5076 5126 243076
502 469 243255
2612 2547 243370
2604 2666 243419
4897 4900 243520
219 199 243589
3731 3666 243603
3513 3578 243816
4895 575 243894
1916 1913 244060
1212 1202 244102
3611 3606 244105
2422 2481 244136
3739 128 244343
3983 3986 244383
3322 3317 244963
887 865 245046
5177 5181 245076
3818 3875 245295
5137 5187 245325
807 817 245413
676 5204 245729
3552 3557 245817
2135 2137 245837
1415 1423 246210
3033 3026 246259
4154 4212 246623
3489 3426 246796
770 765 246851
5217 5170 246868
485 465 246939
125 134 246997
1456 1448 247050
4497 4555 247156
2270 2272 247182
367 352 247218
4677 4672 247253
3827 3808 247324
4583 4643 247394
549 532 247521
4038 4098 247554
4229 4234 247905
136 129 247945
716 726 248077
3225 3164 248396
1626 1632 248415
1758 1768 248535
3447 3381 248998
2512 2520 249053
3012 3011 249090
2209 772 249316
1968 1962 249469
4232 4230 249671
1046 1032 249702
2183 2174 249785
3025 2966 249816
5189 5186 249839
3025 2968 249843
3811 3803 249887
4850 4854 249889
404 403 250018
4076 4067 250082
58 684 250102
2706 2763 250135
2385 2328 250168
3634 3628 250320
3604 3668 250547
3870 3858 250599
4363 4369 250656
3114 3043 250791
4751 4701 250864
4370 4419 250922
4519 4571 251135
1235 1248 251296
526 530 251424
572 590 251503
4990 5037 251528
4295 4349 251541
5077 5022 251555
5099 5094 251597
689 698 251701
4173 4222 251710
1613 1620 251835
4793 4848 251904
3056 3057 252027
4021 4012 252052
4371 4367 252194
4192 4241 252424
3990 3934 252733
2144 3664 252838
4279 4221 252843
3526 3460 252957
1784 1773 253055
2442 2375 253530
1220 1213 253562
4926 4917 253594
2920 2916 253630
2264 2259 253656
3804 3886 253683
643 627 253699
307 320 253984
5258 5310 254062
4828 4887 254104
4183 319 254147
396 4436 254228
4962 5013 254377
2311 2255 254543
1236 1219 254605
2905 2913 254648
4417 4364 254897
4611 4671 255119
1137 1117 255151
4862 4854 255288
3398 3342 255383
3454 3446 255407
2926 2927 255572
1950 1952 255947
4316 4266 256253
1191 1180 256364
1193 1938 256406
297 3360 256611
3088 3019 256651
4628 4573 256806
1497 1493 256867
1226 1215 257128
5122 5123 257196
1869 1590 257209
251 233 257216
2593 2599 257278
1530 1524 257292
3688 3680 257417
3033 2970 257599
2762 2057 257615
457 455 257817
4286 4227 258002
670 672 258012
453 482 258253
3472 3406 258312
669 41 258339
4591 445 258581
3913 3969 258687
1534 1520 258728
2196 752 258782
4453 4398 258794
5008 4956 258912
1235 1247 259042
4900 571 259113
2976 2906 259144
197 32 259199
4635 4578 259317
2755 2820 259391
1304 1320 259718
3552 3614 259769
2415 2482 259818
2205 2210 259828
1663 1655 259962
536 508 260069
2414 2419 260136
557 575 260180
4283 4339 260194
5211 5163 260233
344 371 260310
3291 3283 260399
2622 2678 260446
202 223 260456
3479 3415 260519
707 701 260566
4366 4312 260608
3907 3953 260629
1729 1721 260708
4992 4943 260716
4121 4072 261172
5182 5177 261263
4434 4484 261346
581 604 261400
1765 1840 261434
1695 1716 261474
1694 1702 261493
205 190 261535
3647 3583 261615
2356 2347 261651
4001 4058 261722
4377 4425 262020
5239 5236 262035
2518 2579 262170
4352 4346 262223
5297 5244 262295
1828 1823 262319
360 4336 262607
1876 1879 262888
1880 1889 263034
1124 1125 263125
950 959 263264
2874 2938 263307
2024 2465 263346
1608 1589 263423
3312 3305 263704
2102 2100 263725
2158 3725 263829
1518 1499 263866
3421 3432 263961
3997 3943 263976
2306 2247 264017
1121 1112 264065
2971 2978 264104
522 488 264387
388 3117 264669
4301 4248 264724
2045 1884 264907
2865 2933 264955
866 1988 264987
937 936 264993
3950 3893 265231
2424 2418 265251
2432 2495 265307
1735 1745 265409
5003 5004 265581
4829 4885 265986
894 895 266072
938 919 266161
1150 1163 266200
2495 2551 266224
3596 243 266287
1153 1152 266341
818 824 266552
549 2580 266742
2761 2704 266743
1974 1966 266785
4911 4904 266882
2408 2351 266941
3354 3412 267108
2100 3182 267193
971 978 267261
4620 4618 267321
2142 1969 267407
3944 3883 267479
3431 3497 267548
370 365 267734
4434 4485 267741
187 30 267835
4044 4045 267866
244 3540 267879
116 114 268016
1012 1000 268059
1172 1941 268129
5343 5357 268166
1263 1258 268304
227 220 268647
3346 3413 268725
2282 2352 268732
2379 2320 268865
4284 4278 268924
51 5254 269020
1708 1709 269052
2091 1927 269079
1527 1536 269488
580 562 269611
4094 4146 269817
2836 2832 269829
5112 5160 269868
1600 1614 270050
4201 4247 270065
1919 1916 270100
2635 2630 270256
638 613 270404
2695 2690 270572
2875 2815 270633
1049 1966 270984
378 362 271007
3648 3577 271025
3223 3231 271143
5214 5212 271193
1206 1202 271198
3426 3424 271206
2238 2296 271228
4142 4136 271414
3226 3292 271416
555 572 271482
5279 5322 271588
2023 2033 271591
2728 2662 271703
253 280 271767
3077 3070 271785
2163 2226 271833
3873 3866 271940
2719 2656 272115
3734 126 272206
373 376 272212
3962 4013 272459
1875 1876 272484
2569 2566 272593
3150 3207 272636
292 315 273011
4157 4102 273321
742 732 273396
4447 4391 273436
506 516 273461
3973 3967 273505
3636 3626 273897
833 847 273903
2051 2704 274182
4485 4488 274203
3499 3507 274306
274 287 274359
1907 2071 274503
1253 1248 274567
4020 3969 274752
1810 1807 274757
2944 2881 274804
1942 2110 274808
903 1981 274853
1401 1400 274940
1200 1195 274943
1995 1996 274977
1888 1481 275025
1099 1090 275042
4418 4424 275097
4068 4077 275145
686 1822 275192
2771 2774 275270
2596 2653 275573
1811 1796 275657
2910 2904 275777
4917 4915 275797
1074 1086 275805
692 691 275873
4729 4786 275880
239 217 275895
1769 1749 275901
886 889 276177
2485 2487 276343
5204 5152 276470
2146 3661 276697
3958 3956 276712
3115 3110 276760
3128 3124 276840
1504 1509 277425
5311 5314 277584
4543 4542 277659
4605 4599 277733
2148 1983 277890
4403 4344 277897
95 86 278002
4251 4192 278021
4284 357 278062
136 122 278131
4265 4270 278194
3188 3190 278393
4182 323 278401
3750 3687 278458
742 743 278520
1990 1986 278591
4728 4785 278597
4423 4473 278638
3346 3408 278646
3932 3987 278723
1195 1210 278778
1287 1283 278929
2971 2905 279192
3323 3261 279342
3944 4001 279432
1810 1811 279498
316 331 279779
803 797 279820
559 584 280088
4542 432 280368
503 500 280737
538 506 280751
1707 1710 280807
3642 3706 280827
1266 1252 281109
1105 1111 281147
2204 760 281446
507 528 281616
856 870 281633
3015 2954 281680
619 604 281747
3829 3905 282104
4423 4368 282313
781 774 282372
537 505 282505
2415 2419 282546
1329 1331 282611
1625 1862 282772
994 1013 282809
505 523 282834
2447 2507 282911
2309 2366 282972
4774 4821 283014
938 959 283251
4262 4267 283277
1158 1153 283286
5294 5234 283802
618 645 283809
5252 5246 283889
2720 2654 283915
1677 1658 283949
3907 3956 284008
2098 1933 284115
2901 2906 284239
2620 2628 284243
4283 4338 284404
4857 4915 284409
3423 3424 284662
1336 1356 284752
2504 2566 284990
1570 1588 285011
3498 3554 285229
2669 2671 285295
2015 2011 285336
3015 3022 285426
3661 3603 285630
228 202 286087
20 31 286184
3437 3497 286231
1991 870 286307
3436 3442 286351
1335 1915 286568
1631 1638 286785
3211 3273 287030
3226 3291 287126
2205 2207 287185
3161 3101 287246
3210 3149 287276
2204 2211 287330
2092 3064 288021
4191 4241 288109
233 204 288149
2649 2645 288215
2996 406 288491
3614 3621 288577
3628 3562 288598
2228 2229 288609
2410 2470 288621
1042 1044 289066
133 130 289071
1078 1081 289167
533 529 289175
2858 2796 289538
513 509 289539
3192 3132 289763
429 4492 290103
695 1837 290522
2309 2371 290678
2887 2954 290802
5070 5012 290856
4623 4674 290874
4085 4088 290997
1874 1884 291001
459 2820 291117
3544 3542 291163
5091 5092 291211
1813 1819 291607
492 472 291636
2618 2625 291677
2851 2918 291681
4836 4839 291952
1095 1092 292142
5274 5225 292199
3216 3212 292281
699 679 292338
1624 1640 292449
1758 1754 292749
1633 1630 292825
5172 5178 292843
4535 4588 292990
4566 4562 293043
298 317 293048
4435 4428 293152
4163 4158 293253
4620 4568 293356
4257 4307 293447
2972 2914 293474
3060 3058 293523
904 909 293630
3325 3330 293694
3850 3851 293826
2541 2546 293895
4325 4275 294132
2387 2322 294231
2917 2926 294236
3672 3661 294467
2693 2760 294474
2714 2649 294708
962 958 294818
5191 5189 294987
4505 4560 295028
3365 3371 295076
4384 4375 295248
3339 3281 295518
4063 4010 295551
4674 4669 295573
3246 2104 295632
4181 4131 295751
383 401 295873
5106 5156 295888
2154 2144 295903
5248 5303 295977
2102 3181 296052
336 312 296166
1922 1929 296178
2220 639 296434
4229 4220 296772
4134 4125 296930
1918 1317 296932
3215 3278 297214
1306 1302 297308
2608 2546 297384
311 316 297580
3231 3238 297638
5198 5206 297666
3117 3056 297962
747 733 298249
2519 2511 298523
4604 4598 298701
226 201 298924
5296 5288 299003
4783 4781 299045
1687 1686 299078
811 829 299089
4937 4996 299100
2416 2412 299141
4705 4649 299156
1814 1816 299401
2261 2192 299457
4220 4271 299497
1605 1594 299595
1090 1093 299703
1055 1045 299740
4699 4647 299898
3126 3185 300160
2827 2838 300219
1194 1941 300284
4880 4825 300436
1572 1557 300505
2567 2631 300593
4105 4106 300631
1191 1944 300738
1913 2079 300798
3656 3719 300803
2627 2624 300958
1200 1189 301259
1153 1160 301293
4921 4925 301399
1942 1935 301481
1972 2131 301793
295 3419 302029
2828 2837 302131
2812 2878 302228
3236 3239 302231
174 170 302277
3061 3128 302405
1993 1988 302526
3351 3360 302812
3624 3618 302876
3619 3620 302932
1956 2120 303059
293 305 303329
1972 993 303475
2405 2342 303577
511 2637 303754
5016 4965 303883
4573 4567 304114
1757 1763 304547
4505 4508 304625
4635 4690 304744
4096 4094 304956
616 647 305014
1554 1559 305043
3633 3625 305251
1731 1714 305597
3011 3071 305736
428 432 305747
3034 3040 305748
1452 1456 305804
1661 1645 305855
3159 3220 305985
1358 1368 306100
3020 2961 306214
4632 4685 306228
5098 5046 306291
3158 3094 306304
1443 1431 306338
375 394 306433
3436 3443 306517
1924 1261 306529
4555 4547 306619
409 391 306731
5285 5230 306749
2875 442 306892
2862 2796 307033
1955 1952 307085
371 366 307193
593 563 307270
3646 3709 307330
3747 3741 307536
2486 2481 307602
4046 4101 307711
4629 4571 308078
2528 2593 308233
4145 4207 308293
4284 4285 308373
547 524 308495
3912 3918 308497
5113 5160 308719
550 2576 308804
3773 3771 308873
3478 3414 309048
2436 2500 309125
2714 2715 309151
2656 2598 309166
2539 2478 309256
483 454 309267
2483 2480 309729
1786 1787 309783
2029 1867 309790
3952 4008 309837
2731 2798 309850
4204 4201 309927
668 654 309955
4574 4625 309958
3193 3129 309974
3536 3470 310030
3301 3308 310340
3342 3343 310557
3159 3098 310659
3835 3903 310684
3456 3385 310741
3680 3615 310876
1079 1077 310894
2046 1878 310919
3764 3767 311380
5103 5155 311444
250 3977 311521
1831 687 311565
3573 3637 311795
10 74 311814
1686 1669 311850
1355 1349 311923
4289 4240 312036
2689 2758 312286
4739 4787 312726
4171 4114 312738
1695 1704 312785
1919 1336 312904
5018 5026 313092
1975 977 313274
1907 2066 313326
4289 4238 313608
1754 1760 313844
5252 5202 314015
1421 1425 314153
3519 3582 314222
2876 462 314455
1951 2120 314652
2445 2508 314713
2084 3066 314896
2522 2039 314900
3230 3174 315127
4526 4520 315352
3021 3084 315397
4059 4003 315524
1631 1632 315578
2946 2945 315773
3828 3807 315852
4908 4855 316216
3664 3669 316231
2808 2806 316261
2148 1986 316348
4151 4101 316397
438 418 316420
5120 5115 316489
1894 1901 316511
922 915 316635
4770 4720 316787
1875 1881 316873
5306 5333 316887
3299 314 316919
2849 2789 317026
3208 3211 317037
1316 1325 317308
1282 1271 317390
5091 5086 317410
2600 2664 317588
427 401 317589
2459 2391 317715
2999 422 317837
4500 4499 317960
3824 3900 318060
2020 2021 318145
4736 4792 318236
1975 958 318288
513 530 318447
3082 3081 318710
4918 4926 318927
437 455 319119
1225 1230 319359
2217 642 319381
3083 3140 319411
682 64 319465
1202 1217 319540
2232 2293 319638
3911 3959 319848
825 830 319894
3788 5354 319939
2743 2746 319986
1582 1586 320009
4695 4643 320054
4738 4793 320236
4646 4596 320289
2824 2060 320297
2083 2092 320364
2715 2655 320521
3924 3921 320637
1303 1313 320700
634 635 320779
2058 1887 320820
3871 195 320824
292 321 320842
3579 3574 321349
2751 2814 321386
4446 4454 321495
2600 2663 321764
3674 3682 321796
1272 1256 322005
2199 762 322129
2542 2473 322227
4003 4006 322345
3488 3555 322532
4159 4107 322684
3130 3132 322780
4387 394 323020
1002 1001 323269
4823 4875 323297
2847 2850 323318
4282 4281 323359
312 327 323385
2435 2425 323458
1315 1915 323463
4381 4373 323542
173 162 323617
2468 2478 323689
1025 1024 323734
1604 1605 323841
4731 4680 323949
873 870 323951
695 1804 324208
199 185 324255
4256 4262 324279
2185 2245 324404
600 596 324471
1495 1515 324537
1685 1674 324607
3974 3982 324632
665 673 324678
4437 4439 324763
3103 3048 324793
3485 3426 325149
295 279 325235
1673 1676 325300
5206 5144 325409
2737 2675 325490
3689 3620 325519
2439 2498 325536
1058 1065 325575
2086 2084 325594
5256 5206 325599
2544 2599 325744
3694 3701 325771
378 4338 325995
4033 3982 326032
2261 2197 326228
4088 4139 326308
4991 4943 326313
2488 2491 326411
2134 3546 326467
1775 1779 326500
4818 4867 326623
5148 5152 326671
3827 3900 326813
37 42 326856
1505 1508 327038
598 618 327065
427 4538 327135
1645 1647 327191
1986 905 327268
1906 1898 327306
4694 4645 327346
3662 2152 327399
3619 3685 327434
391 384 327662
293 309 327925
2267 2270 328163
4632 4573 328184
3938 3882 328223
4962 4959 328233
1272 1273 328268
2883 2952 328296
3083 3148 328436
2197 751 328483
519 509 328550
504 473 328619
1239 1246 328688
4099 4103 328878
3818 3796 328910
3818 3805 329074
458 436 329120
5203 5152 329161
1684 1675 329184
1001 994 329223
4385 377 329269
3326 3266 329793
4278 4228 329963
2097 1933 330125
2635 2634 330184
927 938 330242
4603 4607 330439
1705 1717 330498
4713 4662 330514
3293 3296 330635
3001 2943 331102
2422 2361 331133
2979 3041 331144
4014 3954 331202
4646 4652 331226
4747 4796 331278
2163 2222 331374
531 2637 331593
1069 1067 331681
5168 5173 331812
1031 1037 331813
2381 2385 331924
4893 4840 332056
2315 2249 332223
593 574 332372
3772 175 332593
3205 3141 332614
598 611 332718
4045 4042 332827
1758 1748 332873
963 953 332917
2508 2500 332932
1075 1080 332953
3858 3849 333044
3088 3096 333680
2190 2249 333730
4268 4274 333941
1046 1033 333945
4008 4003 333952
3242 3309 334026
4149 4205 334145
1499 1887 334216
1974 2134 334231
1386 1382 334255
1155 1943 334397
2280 624 334472
2545 2490 334896
3860 3858 334923
4750 4751 335055
780 777 335073
3209 3141 335193
4322 4267 335298
248 237 335338
2761 2824 335382
1504 1500 335693
4353 4346 335863
98 95 336051
715 713 336114
2285 2011 336241
4820 4879 336476
696 682 336487
74 795 336924
3565 3505 337047
1748 1739 337092
2013 2016 337128
219 230 337165
4117 4060 337190
5036 5087 337327
433 455 337418
4320 4319 337467
1500 1488 337498
5229 5225 337548
5168 5174 337611
3925 3853 337746
3775 3717 337997
2408 2414 338078
2031 1864 338133
2036 2524 338148
2708 2773 338171
4771 4823 338270
610 590 338310
4525 4573 338518
222 219 338529
3833 3829 338700
1042 1053 338735
5238 5237 338759
1194 1188 338790
1729 1740 338841
3570 3502 338911
851 853 339047
2704 2764 339240
2192 2252 339706
346 378 340079
1362 1354 340212
4344 4397 340213
902 899 340226
2877 441 340298
3638 3706 340314
3837 3824 340985
4096 4043 341003
4176 4181 341040
5070 5075 341085
3466 3401 341117
4751 4699 341137
1362 1347 341313
4799 4806 341388
2283 2287 341500
3816 3805 341531
767 770 341581
3194 3264 341584
3024 3080 341612
3163 3171 341772
4191 4243 341994
471 475 341996
4161 4106 342285
4675 4672 342343
958 955 342400
1284 1264 342440
1280 1278 342750
2985 3048 343056
3093 3034 343089
3510 3506 343281
1912 1369 343419
4746 4688 343498
3963 4016 343671
1128 1114 343980
622 620 343982
1122 1119 344148
4272 4274 344193
4882 4886 344218
1626 1862 344301
2455 2515 344488
4097 4094 344801
1643 1630 344861
3568 3562 344920
3537 3471 345152
1016 1013 345169
1063 1067 345368
3590 3531 345400
4756 4702 345444
1376 1385 345537
4931 4875 345722
1572 1588 345740
2427 2368 345821
73 74 345864
2853 2922 345991
3019 3023 346015
1196 1183 346065
2583 2037 346174
1122 1105 346445
2031 2029 346484
1449 1456 346512
4299 4359 346745
3532 3535 346835
1358 1369 347112
4214 4265 347233
1067 1084 347288
5250 5190 347419
2493 2551 347710
3704 3710 347782
5048 5100 347857
3678 3735 348081
290 304 348200
2766 2064 348294
273 282 348429
547 2516 348596
2229 2169 348754
2458 588 348790
876 877 348934
467 4644 349433
995 973 349459
3467 3465 349608
251 221 349638
496 477 349783
3160 3098 349975
1817 1807 350206
3927 3928 350222
4552 4546 350237
2209 782 350489
4760 4702 350719
5271 5313 350724
750 762 351120
4883 4935 351403
2001 2010 351453
3928 3978 351517
1897 1426 351526
2945 2942 351951
376 4338 352015
2043 2584 352100
644 5154 352354
1965 1028 352447
1515 1514 352625
5126 5178 352960
2304 2361 353080
1514 1517 353139
4307 4305 353183
4526 4582 353187
1729 1847 353202
5051 5042 353319
4789 4785 353336
2248 2249 353364
4021 4074 353528
2582 2650 353573
756 755 353708
5312 5314 353847
5221 5273 353851
2845 2911 353926
4170 4173 354016
2304 2365 354129
1443 1449 354157
3528 3463 354271
1210 1217 354562
4696 4687 354564
666 653 354590
5298 5297 354751
5214 5162 354821
3926 232 354875
203 215 354892
1417 1425 355062
2384 2389 355173
1927 1264 355248
3555 3621 355264
644 613 355350
3089 3022 355363
4632 4633 355489
1121 1950 355521
2898 2954 355703
667 653 355890
4686 4683 356094
4023 3965 356189
5012 5018 356233
4681 4631 356400
2046 2041 356415
300 3417 356509
2453 2388 356611
4429 4421 356626
1996 867 356785
3593 3527 356910
2316 2371 356953
515 487 357040
3056 2991 357263
1561 1562 357579
2732 2669 357669
531 2580 357748
3999 4060 357757
941 931 358032
397 400 358087
2741 2808 358206
2585 2647 358219
1841 2010 359061
2691 2626 359119
4537 4535 359139
3522 3455 359208
696 1840 359215
4173 4169 359341
3031 3096 359405
2724 2781 359462
3516 3454 359528
1086 1083 359597
4763 4711 360066
2332 2335 360087
3591 3524 360131
3951 3892 360168
1304 1294 360284
3454 3386 360398
2061 2063 360635
3515 3579 360647
2420 2485 360694
2803 2801 360768
3836 3908 360784
3480 3415 360792
1833 65 361035
270 287 361170
3109 3169 361296
1457 1458 361829
3272 3282 361981
2949 2887 362016
2402 2463 362080
4554 4561 362154
3520 3462 362457
4898 4946 362461
147 138 362640
1193 1177 362815
1086 1084 362895
389 3118 363013
4365 4304 363054
4380 4376 363074
3592 3531 363084
824 821 363105
5303 5333 363257
4152 4154 363533
3013 3024 363672
416 442 363815
496 2757 363818
2262 2258 363835
1316 1917 363984
3034 2973 364034
2864 2932 364085
4160 4218 364290
1859 1852 364337
4372 4373 364539
370 361 364704
140 153 365018
4400 4453 365081
1459 1478 365369
2194 2252 365472
2984 2917 365644
4030 269 365783
1176 1180 366022
4992 4944 366050
5132 5133 366107
3465 3402 366227
4181 4124 366367
4251 4254 366693
798 796 366777
1899 2069 367031
4654 4598 367303
5222 5174 367414
3079 3089 367454
3539 3470 367591
5098 5043 367635
398 430 367650
1838 1804 367804
3106 3041 367829
3045 3038 367937
513 2638 367990
4686 4694 368045
5038 4984 368134
3495 3427 368156
1957 1964 368361
2298 2291 368546
1144 1158 368607
51 40 368684
3394 3390 368840
2026 2033 368895
2241 2240 369017
5249 5241 369105
4327 4267 369239
844 842 369301
1522 1513 369333
5081 5086 369615
4834 4781 369660
2715 2719 370459
312 335 370706
3533 3532 370731
2924 2929 370816
1977 973 370827
2848 2847 370869
3820 3889 370941
3828 3897 371034
3856 3846 371156
2610 2675 371224
2475 2472 371313
2669 2676 371336
1481 1463 371423
462 476 371461
2522 2583 371537
1525 1536 371607
4686 4679 371718
227 3657 371850
4389 374 371851
4380 4330 372040
4735 4683 372066
2530 2521 372346
409 411 372386
1290 1298 372457
4554 4615 372548
1873 1567 372587
2343 2016 372652
3525 3529 372729
3744 3735 373086
2907 2916 373252
3728 120 373272
753 750 373479
2713 2719 373537
3812 3816 373566
302 4135 373673
5063 5007 373772
4997 4950 374133
1720 1722 374178
2617 2620 374348
3403 3411 374890
953 959 374904
1397 1396 375080
5038 5088 375412
1366 1359 375461
4609 4549 375625
1943 1936 375709
2173 719 375742
1373 1374 375928
4608 4612 375968
682 60 376044
417 423 376047
4734 4724 376054
5228 5181 376155
3475 3540 376235
1233 1236 376296
3367 3375 376385
4738 4745 376669
4860 4865 376750
151 139 376760
2760 2751 376846
1756 1748 376892
4037 3988 376939
3205 3276 376946
503 499 376955
1284 1289 377037
1281 1922 377071
377 360 377112
4300 4246 377214
2078 2071 377270
4892 4944 377280
1449 1455 377317
1948 1117 377341
4818 4872 377432
1754 1770 377497
2890 2950 377811
4273 4272 377921
4403 4453 378142
3087 3081 378160
741 747 378179
3134 3076 378276
4617 4567 378303
3354 3350 378675
2624 2563 378915
1235 1237 378999
1677 1660 379546
3398 3397 379559
3756 3690 379949
2980 2913 380054
1994 2157 380107
2683 2751 380201
490 516 380218
3456 3453 380387
1909 1915 380573
5057 5067 380723
4085 4089 380773
491 497 380834
3295 333 380856
2553 2559 381203
4156 4145 381414
827 839 381437
2995 3060 381459
70 8 381639
753 740 381740
1091 1089 382022
1699 1714 382104
3352 3418 382222
2464 2466 382669
4095 4088 382808
2317 2257 382899
155 3761 382939
2886 2889 383075
4836 4777 383104
1016 1031 383109
3748 3688 383134
4970 5025 383155
214 198 383249
4655 4604 383464
3429 3426 383489
1420 1424 383649
4510 4568 383805
3828 3902 383829
459 451 383920
800 806 383957
1571 1552 384081
5245 5244 384137
1019 1021 384515
3758 3753 384656
1387 1382 384874
1970 2136 384890
966 972 385378
2557 2491 385454
4844 4798 385869
3437 3428 385876
2312 2373 386090
125 126 386109
470 477 386307
3661 3668 386399
1399 1415 386402
1759 1762 386411
3184 3189 386421
451 473 386458
3806 3899 386577
1833 61 386623
1487 1472 386747
688 704 386763
3670 3733 386807
1117 1115 387023
4069 4013 387059
3017 2953 387091
683 1822 387095
253 239 387156
4347 4395 387469
4500 4445 387627
3179 350 387736
4413 4474 387813
4281 4333 387821
4818 4871 387984
472 475 388555
4751 4762 388756
2479 2419 388859
812 814 388973
1551 1533 389152
4150 4156 389233
4146 4207 389287
945 947 389406
237 260 389429
5106 5159 389519
2059 2067 389532
3067 3138 389534
1484 1493 389557
2446 2449 389660
3202 3266 389890
2049 2646 390347
1647 1641 390746
2725 2664 390780
4819 4764 390936
5076 5083 391023
3919 3925 391198
3695 3632 391246
549 569 391554
2671 2672 391725
3114 3053 391740
4910 4859 391878
1449 1460 391890
4025 4084 391999
4078 4075 392129
3179 3175 392207
918 912 393047
3522 3461 393292
2029 2033 393518
2858 2921 393603
620 619 393676
3338 3281 393899
5221 5224 394002
3860 3931 394079
1965 1050 394122
1844 1849 394124
3766 163 394307
5096 5154 394386
3676 3612 394489
607 609 394559
4913 4964 394679
3242 3306 394740
4932 4928 394795
1618 1619 394826
1607 1589 394847
5319 5318 394930
2701 2642 395146
4876 4932 395164
3221 3220 395232
4816 4761 395264
2864 2925 395280
4981 5036 395625
2417 2355 395633
4433 4482 395676
3513 3580 395932
4619 4561 395942
4075 4074 396049
3552 3616 396266
1470 1453 396301
1622 1614 396660
1171 1941 396883
5276 5277 396983
863 862 397331
5271 5265 397473
4210 4261 397487
3543 3546 397547
3805 3803 397667
1759 1774 397826
1275 1269 397980
1213 1205 398285
609 589 398355
3117 3049 398399
868 875 398471
1457 1466 398506
2103 1937 398639
2414 2477 399636
2070 2076 400290
3510 3569 400332
4556 4506 400344
2307 2243 400404
3095 3086 400456
889 890 400525
2405 2463 400601
4656 4599 400645
901 908 400799
2870 2806 401074
2590 2648 401179
1418 1430 401212
4151 4102 401241
2324 2390 401273
3643 3651 401489
2187 2245 401683
5132 5139 401696
2428 2427 401701
499 4693 401779
3147 3081 402057
3970 3962 402071
1995 847 402274
1173 1163 402329
2042 2048 402371
1995 2159 402376
4975 5027 402450
252 3981 402466
5250 5302 402503
2612 2615 402678
3538 242 402753
4868 4862 402899
1072 1079 403173
3771 3765 403558
450 467 403744
2718 2658 403909
3420 3410 403972
5121 5119 403991
4399 4346 404243
1970 2137 404270
2468 2470 404406
3334 3393 404507
4411 4462 404600
49 47 404861
3968 4017 404974
1367 1380 405194
3317 3375 405234
2525 2462 405368
4475 4477 405375
2515 2513 405414
929 925 405573
2372 2366 405616
3044 3054 405724
5031 5037 405829
4471 4477 405914
3102 3038 406261
4942 4947 406478
3373 3316 406802
589 575 406841
4290 4346 407006
2021 1853 407073
297 3357 407082
1864 1642 407184
5223 5166 407424
5205 5146 407626
3234 3296 407634
596 601 408061
3148 3156 408092
3679 3677 408275
344 349 408454
2267 2208 408485
3703 3701 408543
1272 1269 408627
1052 1046 408668
921 940 408848
2465 2033 408952
4511 4505 409138
2816 2810 409164
1712 1702 409168
1951 2118 409409
4278 4328 409751
3655 3595 409824
3057 403 409860
2895 2961 410098
2878 461 410100
1812 1806 410221
427 4542 410732
3285 3283 410806
3156 3154 411271
368 3118 411375
5251 5304 411544
812 83 411594
2401 2022 411601
711 716 411783
2386 2326 412226
1081 1089 412270
2345 2341 412764
4430 4428 412778
4757 4816 413047
494 470 413288
2360 2356 413515
1550 1543 413627
3484 2127 413650
3436 3368 413694
2014 2017 414272
4167 4115 414288
992 981 414345
684 64 414636
5195 5201 414755
2699 2755 414782
5189 5140 414859
3800 3875 414870
2219 790 414931
1899 2068 414960
3315 3253 415703
1635 1636 415787
4051 4105 416056
170 3766 416077
3327 3396 416392
2458 2400 416481
2822 2831 416606
767 782 416800
2944 2075 417079
2028 2026 417104
3670 3608 417406
1014 996 417521
4135 4079 417597
2455 2450 417709
201 218 417761
2115 3305 417895
3950 3891 417924
4976 4922 417930
557 544 418048
4587 4527 418176
4186 4131 418214
658 791 418310
3450 3381 418566
2650 2656 418822
4657 4665 419131
1288 1291 419134
4497 4548 419152
738 731 419192
3828 3896 419234
3522 3588 419455
5176 5118 419595
4946 4941 420004
5301 5332 420225
4507 4496 420326
4498 4553 420441
2687 2618 420537
2182 2244 420558
3535 3471 420877
543 524 420984
3590 3530 421128
691 1840 421171
2200 2199 421207
3150 3212 421266
1237 1252 421320
3752 3690 421428
1996 834 421622
1786 1771 421768
3966 3964 421825
2314 2252 421846
71 81 421966
1159 1168 422212
4973 4925 422346
1288 1276 422556
4172 4228 423338
4418 4426 423505
4706 4703 423632
10 71 423783
1994 851 423817
4550 4604 423967
2084 1925 424081
4835 4893 424114
2080 3005 424303
5051 630 424393
1070 1057 424520
4152 4205 424727
3837 3905 425087
2558 2617 425839
4398 4396 425889
5128 5131 426187
827 837 426454
2134 3541 426799
3629 3624 427022
173 180 427101
4169 4117 427169
237 221 427416
970 963 427452
663 5152 427506
5295 5235 427760
846 845 427839
3164 3170 427871
415 446 428108
541 561 428668
4982 4984 429084
5308 49 429252
2541 2475 429269
2792 2795 429323
4638 4693 429472
335 326 429786
2403 2022 429857
1883 1514 429999
1288 1298 430156
122 127 430327
4211 4262 430695
2878 459 431044
1351 1359 431054
4555 4499 431526
2736 2801 431723
4229 4224 431906
1237 1231 431910
2188 2256 431952
3950 3896 432146
4379 4373 432251
594 563 432367
4516 4509 432440
4808 4806 432542
4410 4415 433550
4507 4563 433622
5084 5092 433690
3449 3385 434127
4414 4474 434361
3516 3515 434527
4236 319 434565
2459 2451 435026
3916 3969 435241
2091 2099 435469
3941 3891 435832
1852 1843 436031
3265 3207 436262
2173 2171 436374
452 456 436430
236 268 436544
913 916 436548
2985 2926 436760
4740 4689 436907
3751 3752 436951
439 461 437048
1439 1435 437126
5117 5170 437223
2155 2160 437308
1375 1384 437380
4154 4147 437661
2734 2730 437688
822 830 437843
1846 1749 437881
3013 3010 437902
4068 4125 437924
1444 1891 438135
5082 5086 438226
4112 4066 438283
2043 2585 438639
5253 5303 438657
2988 2918 438764
749 763 438858
5247 5300 438882
3835 3842 439052
3155 3220 439246
3872 3867 439248
4792 4793 439644
2821 2070 439713
4358 4412 439771
275 281 439846
3973 3976 439901
5354 5336 440320
3501 3506 440439
4961 4956 440486
3011 3072 440555
91 84 440571
5111 5105 441317
2421 2422 441362
5084 5030 441564
1957 1956 441704
931 928 441732
94 97 441859
2623 2629 441988
4550 4552 442067
1036 1049 442106
5123 5068 442142
1344 1342 442327
4170 4227 442401
3288 3284 442420
3443 3381 442550
4491 4432 442556
3665 3728 442970
4918 4866 443215
5048 4995 443905
4223 4225 443948
2594 2656 444068
513 2698 444163
3832 3839 444180
2030 2461 444313
5064 5017 444340
1235 1220 445136
3916 3968 445214
203 204 445365
1731 1717 445428
2454 2385 445805
978 962 446157
1410 1428 446628
2267 2329 446705
3645 3644 447296
1502 1503 447591
398 380 447718
774 783 448160
4406 4457 448273
3895 3942 448441
2793 2785 448611
2158 2159 449000
4198 4204 449194
4664 4615 449486
4741 4746 450384
4731 4785 450547
4692 4645 450754
3617 3553 450888
1851 1694 451147
4003 4005 451333
4658 4601 451512
652 657 451619
2587 2584 451750
558 554 451781
2352 2292 451804
376 395 451985
3991 3983 452002
155 149 452178
3232 3231 452400
771 760 452921
200 211 452959
751 755 453034
2269 2214 453156
4950 574 453640
437 443 453688
4154 4148 453722
216 194 453912
1899 1409 454115
1118 1109 454438
2744 2677 454520
2138 3545 454601
4252 4193 454708
3469 3413 454958
2992 2986 455005
2121 3363 455152
3580 3646 455357
2234 2170 455451
2309 2250 455460
2147 2150 455517
1502 1501 455585
1357 1352 456517
4606 4665 456544
1611 1612 456778
226 208 457063
1146 1152 457787
3610 3547 457967
3251 3257 458052
4142 4137 458193
4259 4258 458266
5067 5071 458697
2747 2804 458933
1812 1823 459085
468 448 459437
4049 4110 459591
59 683 459691
944 934 459770
4802 4800 459824
4695 4636 459937
3203 3207 460076
3615 3549 460155
2712 2644 460164
1578 1577 460220
683 1823 460237
3839 3842 460243
2744 2737 460360
5250 5307 460395
4980 4979 460718
3832 3841 460894
3339 3407 460974
3650 3716 461496
4988 4929 461500
2690 2633 461547
2281 2011 461736
3923 3920 462600
2158 3726 462634
2933 2925 462819
1722 1716 462969
2180 728 463178
3555 3618 463390
1531 1882 463455
370 369 463681
2681 2671 463978
2089 2093 463986
3771 176 464004
4711 4700 464166
693 701 464216
2409 2476 464506
2745 2805 464724
108 99 465041
2571 2575 465366
4688 4634 465459
3442 3376 465718
1738 1723 465724
1334 1351 465759
4969 5020 465869
4794 521 466672
2773 2767 466893
5137 5079 467037
3058 3055 467674
1385 1391 467785
4298 4242 468059
2714 2707 468544
1955 1104 468893
1970 2133 468987
2274 2206 469692
2053 2702 470462
1553 1568 470549
1795 1798 470590
4102 4103 470646
1392 1407 470742
1782 1794 471070
456 477 471108
3303 3364 471260
3301 2115 471307
2313 2372 472682
3815 3889 473237
4698 4647 473371
2153 1981 473572
3788 3791 473820
385 3117 474141
3836 3833 474286
1126 1130 474309
1536 1515 474818
4011 3957 474912
1817 1818 474934
902 887 475087
4139 4201 475177
4010 4015 475545
4852 4907 475954
803 806 476073
903 887 476590
676 654 476736
3780 3769 476860
5261 5212 477051
2377 2372 477073
4093 4145 477363
3551 3558 477451
2948 2950 477539
4087 4090 477560
957 947 477600
2588 2586 477639
3065 3132 477658
3901 3951 477924
4164 4160 478263
3428 3371 478503
4536 4584 478546
4972 5020 478606
1804 1796 478676
3179 3120 478880
3947 3953 479753
4299 4302 480441
4811 4760 480478
5341 5339 480515
1467 1462 480640
899 912 480673
1723 1734 480751
759 774 480754
4763 4712 480946
4983 4931 480980
694 681 481113
1175 1157 481275
945 932 481286
5110 5115 481707
4916 4925 481896
1305 1320 482031
930 915 482118
4835 4834 482515
2962 3023 482526
3523 3521 482552
312 328 482689
4730 4673 482902
1549 1544 482967
578 606 483042
5171 5170 484494
106 3727 484841
1533 1882 484889
4994 4999 485028
3813 5339 485204
4884 4940 485277
5200 5147 485281
829 851 485461
4119 4069 485485
4912 4855 485926
2683 2679 486080
1761 1775 486138
2215 2219 486328
3337 3279 486695
559 567 486784
3531 3466 486926
3237 3170 486932
3327 3260 487116
3998 4008 487120
2869 2935 487429
4661 4717 487475
767 773 487718
1016 1020 487995
2181 2178 488303
3444 3502 488430
1146 1148 488487
5266 5261 488489
3780 189 488791
2761 2762 488834
545 576 488900
4784 4775 488956
2770 2828 489310
1732 1736 489534
2688 2625 489642
4927 4926 489784
1436 1446 489859
1810 1800 489863
4078 4019 489973
4 72 490184
803 802 490338
538 4849 490396
4296 4348 490660
2173 2177 490680
2318 2326 490768
784 777 490925
2484 2474 490982
1619 1620 490993
669 649 491063
5275 5281 491136
830 848 491214
661 674 491250
3221 3152 491593
721 728 491628
2620 2562 492129
4237 323 492765
1340 1347 493125
1143 1136 493722
1736 1742 493867
569 587 494199
106 119 494252
1270 1259 494564
5072 5131 494608
974 973 494814
1520 1512 494903
4489 4440 495515
2505 2565 495579
3573 3641 495607
3750 3684 495841
5216 5170 496406
1394 1404 496503
3243 3247 496860
3099 3166 497630
5251 5246 497662
2622 2557 498026
1062 1065 498082
2613 2673 498172
83 84 498214
2894 2956 498350
1743 1742 498578
1947 2107 499510
1304 1295 499594
5308 5304 499870
941 919 499899
5028 5029 500346
1380 1365 500392
4540 4486 500462
1471 1465 501256
396 410 501641
1711 1729 502014
3975 3981 502063
2850 2909 502284
4277 4226 502539
3112 3111 502550
1587 1878 502893
1129 1127 503855
210 186 503952
2388 2390 504166
2275 2214 504173
4961 5019 504197
3233 3235 504239
4534 4588 504679
34 44 504690
4098 4041 504947
3300 316 504951
3303 3368 504981
236 262 504987
198 183 505204
377 363 505231
390 385 505416
3811 3798 505441
3000 2931 505514
2113 2122 505761
2983 2978 505768
4456 4405 505942
1480 1889 507102
927 936 507122
901 909 507309
233 3929 507427
3294 3293 507709
4258 4310 507774
3518 3511 507810
2393 2398 507838
4079 266 507929
144 139 508058
1697 1689 508112
2389 2330 508196
3834 3831 508509
831 839 508608
3836 3821 509182
1670 1669 509319
627 625 509627
1675 1665 509912
4208 4264 509933
2012 2017 510451
2961 3021 510460
1055 1067 510676
370 386 510735
1165 1182 511089
3902 3960 511668
861 871 511719
3870 3873 512139
1337 1323 512224
2095 3122 512301
295 3358 512491
1644 1637 512737
3814 5342 512761
3028 2968 512915
553 541 513059
1301 1303 513305
2614 2674 513490
3160 3153 513771
3525 3457 513865
4694 4637 513941
1282 1268 514171
5299 5251 514976
2285 2348 515266
1624 1629 515642
794 11 515670
468 464 515839
5241 5238 516106
109 3721 516327
3855 3843 516357
1144 1157 516384
4998 610 516463
4755 4704 516601
5039 5094 516830
726 722 516979
2068 2075 517492
3516 3575 517511
5252 5247 517599
2438 2431 518143
850 835 518450
284 268 518895
3247 3192 519513
1401 1405 519548
5270 5318 519628
1250 1258 519641
3491 3554 519711
2711 2651 519920
170 3768 520142
519 518 520172
293 276 520618
3946 4002 520973
3053 3119 521416
2897 2828 521557
4024 3973 522274
1605 1595 522383
2446 2504 522760
1531 1537 522939
2337 606 523164
3210 3142 523364
5291 5241 523459
4812 4860 524205
2908 2974 524234
3222 3217 524391
24 187 524628
3534 3474 524709
2976 2909 525051
556 4900 525331
3632 3574 525389
4167 4108 526595
216 213 526686
1005 1011 527370
924 911 527466
2768 2772 527610
5218 5166 527891
868 871 527985
5124 5178 528164
1163 1162 528365
348 349 528582
3494 3555 528736
54 36 528753
2325 2333 529013
669 672 529016
3993 4000 529118
3512 3511 529627
1244 1930 529683
3732 3671 530096
802 74 530114
1665 1654 530432
3065 3068 530445
3659 3720 530544
5334 5338 530551
4916 4924 531028
2873 2865 531445
175 167 531826
5243 5246 532002
536 510 532663
190 26 533018
179 27 533095
3640 3702 533197
3073 3069 533861
5343 5339 534000
3935 3881 534130
4231 4225 534210
2895 2959 534585
1759 1767 534677
118 127 534864
4845 4841 535128
2353 2351 535149
693 1839 535630
5002 5048 535728
2268 2262 535810
3757 3762 536143
3318 3374 536158
5226 5277 536425
515 2700 536734
5104 5153 537309
4846 539 537525
4507 4449 538871
4656 4601 538999
1645 1639 539083
4752 4756 540882
3611 3609 540975
3391 3397 541001
2766 2830 541045
2948 2958 541246
69 71 541524
3222 3286 541713
1461 1453 541967
102 99 542387
4053 4107 542538
881 871 543588
1967 1962 543759
3303 2111 543883
5295 5328 543951
1222 1213 544416
2880 2809 544612
424 402 544792
306 322 545329
4425 4428 545373
5276 5278 545584
4399 4454 546449
279 3416 546458
4076 4018 546689
3641 3631 546756
4874 4878 546940
177 27 547492
2260 2197 547672
20 186 548420
3707 3765 548490
3516 3576 549027
3802 3885 549260
4209 4262 549423
2606 2599 550176
2319 2388 550645
789 668 550665
5251 5305 551161
4587 4645 551270
1416 1428 551538
1011 998 551776
1830 687 551781
2612 2621 551814
1285 1301 552174
2732 2734 552741
4798 4795 552875
2996 2990 553019
5285 5284 553244
1628 1634 553319
4948 5001 553343
4733 4725 553443
1434 1430 553617
4494 4442 553619
3817 5340 553667
2524 2463 553705
4256 4308 555039
2697 2756 555439
1321 1338 555631
4569 4565 555851
4189 4244 556434
1727 1733 556617
3256 3198 557267
1268 1279 557442
5166 5169 557713
4430 4427 558042
5003 4952 558315
3679 3618 558719
2064 2065 559028
2156 1990 559176
144 136 559221
3074 3067 559254
3781 3785 559708
4891 4945 559788
1831 685 560598
2550 2608 560651
1911 1913 561857
1173 1168 561934
2317 2260 562398
2396 2338 562738
3698 3760 562933
907 895 563148
1473 1465 563478
3328 3330 563694
438 434 563787
4518 4575 564006
4967 4964 564013
2008 1839 564498
1960 2123 565143
2740 2748 565226
3856 3852 565867
4539 4534 565953
1662 1642 566809
1684 1688 566909
4059 4108 566924
379 413 567353
3470 3473 567486
4656 4650 567601
1820 1805 567794
4361 4360 567832
4513 4567 568079
2904 2835 568339
1696 1700 569438
1282 1270 570251
1573 1586 570517
3720 3717 570699
13 28 571055
2667 2670 571872
3478 3410 572286
133 124 572351
3917 3915 572581
996 989 572863
2247 2179 572882
3909 3960 572947
1624 1863 573079
5303 48 573343
5109 5060 573500
3748 3754 573512
1671 1668 573539
3936 3942 573866
247 220 574065
4534 4528 574090
4986 4990 574777
4818 4809 574977
784 671 575204
147 142 575969
1992 906 575983
1199 1184 576014
4294 4240 576916
3675 3735 577305
4383 4331 577377
4520 4516 577402
1576 1588 577563
4815 4761 577571
451 474 578225
3505 3503 578640
1783 1776 578999
197 20 579037
164 160 579228
3113 3047 579429
3377 3376 579432
294 303 579824
4258 4260 580025
4253 4254 580174
4502 4509 580449
2081 2087 580454
5078 5019 581101
256 261 581120
3517 3587 581566
3258 3196 582029
4393 4397 582264
4412 4464 582348
4850 4902 582575
1559 1545 582669
3787 3790 582786
1870 2034 583070
1371 1365 583173
3062 3130 583263
2902 2835 583333
988 999 584392
2694 2755 584941
1973 1968 585361
3773 171 586462
2318 2325 586718
1924 1265 586839
2525 2466 588745
1501 1494 589631
3567 3508 589928
4081 266 590099
4585 4634 590152
140 131 590282
5212 5207 590642
468 486 591936
1794 1791 592754
2424 2413 592884
1437 1430 593024
1659 1650 594069
1149 1163 594463
955 949 594569
5153 5155 594605
4732 4740 595163
2363 2425 595778
1056 1060 596126
3777 3713 596484
3011 3009 596600
2900 2907 597297
3467 3404 597659
3855 3853 598524
4826 4822 598537
5349 5357 598581
5261 5268 598666
2186 2250 599989
717 705 600254
1288 1277 600319
4758 4765 601448
4029 269 601947
679 680 602312
2848 2839 603291
5044 5036 603942
1019 1020 604805
1766 1783 605116
3392 3388 605468
1000 991 605885
2278 637 606123
4550 4545 606138
2101 3184 606237
1959 1064 606426
399 424 606933
3146 3153 607211
878 872 607913
1990 1992 607936
1926 1302 608143
818 820 608167
4166 4115 608800
4179 4128 609302
4962 4905 610111
1952 2121 610114
2495 2429 610416
2626 2564 610455
1190 1196 611464
3398 3400 611737
690 702 612173
2707 2778 612449
3570 3509 612600
3994 3945 612893
1419 1434 613150
5035 5030 614079
4993 4940 614519
707 703 614598
250 3979 615057
342 322 615155
4612 4562 615312
5013 4963 615443
3826 3902 615764
4774 4718 615770
4790 4788 615822
2703 2767 616028
5327 5323 617407
3205 3271 618608
2456 568 618938
4036 4038 619683
2601 2609 620253
306 4130 621273
1604 1596 621323
3867 33 621378
948 935 621538
1121 1136 621599
2577 530 621822
4145 4090 621872
4618 4570 621929
2286 2006 623115
2998 426 623262
1814 1828 623346
1106 1115 623372
3759 3763 623506
4450 4394 623663
3959 4016 624137
2449 2392 624248
1133 1134 624897
1445 1893 625296
1471 1486 625414
5054 5105 625450
52 5332 625756
3108 3169 626158
1814 1808 626229
3991 3934 626382
3801 3820 626521
1808 1803 626611
446 4593 626677
1010 1966 627538
3627 3566 628171
2241 2178 628850
1976 957 629033
2903 2901 629716
2705 2767 629768
923 910 629858
1992 888 630431
2896 2956 630538
854 865 630639
4539 4482 631685
1668 1676 631711
480 470 631931
5263 5268 631972
1760 1764 633349
4022 4083 633710
5297 5331 633765
4057 4059 633796
2188 2189 634094
3861 3922 634418
3830 3823 634706
2689 2753 635022
88 80 635978
2750 2818 636182
11 793 637078
5214 5219 637192
1227 1232 637921
4730 4678 638616
1635 1638 638795
1701 1706 639498
4960 5010 639783
4651 4711 640863
1308 1320 641050
5351 5336 641194
3949 3898 641983
1220 1219 642833
1790 1788 643151
1125 1118 643232
2457 2391 643671
1407 1904 643689
1979 1971 643697
4189 4138 644253
2684 2752 644383
3878 3883 645548
1539 1541 645720
1838 2002 645957
4575 4581 646508
2386 2321 646877
1755 1741 647097
3992 3987 647810
2880 2937 647866
1188 1186 648847
1482 1500 649132
93 87 649608
924 914 649879
3975 3980 649930
2050 1884 649937
446 466 651092
712 705 651528
1387 1397 651698
753 748 651822
4343 4340 652001
636 655 653319
1551 1542 654227
3834 3904 655678
4664 4666 656202
4658 4711 656296
299 272 657970
671 42 658778
4521 4468 659058
4971 4968 659084
3219 3214 659152
1268 1260 659731
5077 5084 659868
2975 2914 659901
4145 4200 660955
1710 1714 661590
1691 1701 662927
993 985 663542
1616 1631 665292
2982 2980 665452
1421 1422 665689
813 83 666489
3757 163 666916
5012 4956 667056
3994 4045 667490
100 88 667886
3366 3363 668038
1094 1087 668399
3013 3075 670155
3811 3794 671826
4974 4976 672351
2172 707 672623
1408 1404 673996
5010 5005 674864
4401 4403 674924
3248 3184 675019
240 242 675168
1773 1781 675363
5107 5164 675468
4994 4944 676029
514 488 678868
1324 1330 679169
26 22 679596
5211 5209 679597
2759 476 679729
769 783 679806
1030 1021 680049
2186 734 680892
109 103 681346
252 231 681668
1176 1178 682377
1557 1546 683474
738 735 683578
3110 3052 683626
4469 4463 684440
4030 3972 684722
4737 4745 684756
1995 852 685895
3132 3187 686386
1385 1393 686909
1575 1583 687430
1118 1102 689600
4392 4442 689713
667 792 691192
2519 568 691298
881 893 692076
2394 2384 692082
2608 2549 692423
1643 1649 695093
774 766 695130
3961 3969 695900
5066 5008 697146
1667 1662 697749
2729 2786 697858
34 47 698325
2790 2780 698433
4341 4391 698679
4022 4019 698911
435 443 698958
3989 3938 698988
414 413 699270
1432 1426 699608
1793 1781 700217
1661 1663 701526
4980 4923 701764
754 748 702426
209 208 703610
1432 1438 703708
1549 1541 703973
144 141 704322
757 765 706054
5351 5337 706710
1241 1246 707030
4613 4671 707683
3433 3504 708391
5210 5208 709113
905 885 709229
2969 2902 709287
2044 2642 709664
3821 3799 710489
884 892 710490
746 752 710859
1003 1020 711688
4185 321 711791
4556 4558 712907
4405 4395 713331
1481 1477 713587
5107 5162 713870
5034 5083 714430
651 659 714639
1240 1252 715497
3937 3943 715799
1610 1599 715909
2423 2430 716096
2225 2161 716356
785 791 716465
717 720 717765
4409 4460 717802
3613 3618 717821
1388 1398 718338
5085 5032 719260
2073 2071 719420
4294 4351 719565
1443 1450 720137
1813 1826 720387
2797 2791 720916
4549 4547 721815
3670 3601 722358
969 981 722504
69 67 722908
4910 4909 723808
3749 3746 726134
1332 1322 726741
1578 1562 727824
4174 4168 728463
3819 3889 728519
4522 4463 728669
1117 1103 728834
1812 1797 728871
2494 2487 728916
809 804 728939
5028 5023 728945
426 419 728969
5355 5345 729518
92 89 729854
3355 3416 730295
4296 4293 731458
5353 5349 732062
4557 4610 732332
1435 1440 734654
1750 1746 735198
1142 1132 735395
1229 1243 735515
5157 5208 735613
120 113 735793
1289 1296 737705
5267 5261 737854
3797 3796 738071
4602 4599 738104
4294 4303 738521
77 78 738924
302 4132 739773
4602 4600 739822
2992 2994 740051
1800 1799 740671
5142 5143 741037
889 897 741257
2378 2314 741457
3452 3395 742853
175 28 743104
5042 4985 744136
1126 1136 744910
828 822 745206
341 308 745343
4422 4480 746241
1560 1565 746400
4744 502 746491
1574 1584 746688
2055 1895 749388
4385 4390 749543
5041 5033 749705
948 942 749791
4354 4357 750196
4446 4504 751420
2186 2254 751550
2158 88 751702
3783 3789 751816
4031 4033 752421
3047 3111 752438
858 846 753311
341 358 754007
2460 570 755037
2354 2292 756312
4753 4813 756544
4691 499 756896
1127 1131 758077
3789 5350 760109
870 1997 760512
685 63 760777
2331 2335 761650
725 728 762153
815 72 762499
5270 5317 763655
1835 687 764142
1189 1209 767639
2170 710 767827
1092 1101 767897
306 286 769370
960 1975 770324
1108 1115 770919
1821 1820 772449
4303 4242 772494
4352 4407 772764
5264 5268 773120
3677 3607 773562
4952 4956 773614
1819 685 774622
859 873 776691
3772 172 777049
3330 3335 777990
1107 1094 778596
1591 1593 779331
2230 2288 779413
3866 193 779426
869 860 779865
1784 1777 780290
2281 2350 781150
926 940 782535
2937 2940 782726
2231 2293 785084
891 899 785805
1555 1563 785887
2998 423 786129
5196 5202 786702
4187 4243 788790
4112 4109 789272
927 933 789790
4753 4749 789850
2345 2349 790620
4513 4514 792875
97 2157 792998
2030 2032 793299
5053 5001 794039
3548 3608 794448
1 5 795944
1064 1057 796335
3481 3542 798394
4960 5006 801327
1392 1903 802019
330 325 803097
1051 1044 803130
1433 1423 803205
2688 2749 803495
4116 4061 806234
4493 4549 808068
4084 4135 808301
4034 4042 809236
3916 3845 811135
972 980 811498
1016 1004 811793
2118 2112 812684
1653 1663 812754
3695 3697 813371
2218 779 814699
1055 1041 814765
5317 5316 816399
1603 1592 816433
1054 1047 817166
1753 1742 817470
2173 729 818578
827 823 819022
3781 3784 820235
3818 3876 820628
884 874 820639
1312 1326 821994
2521 2528 822408
2224 2290 822663
1491 1486 823320
3948 3951 823964
868 863 828590
390 382 828966
861 876 829008
1342 1345 829456
1547 1550 830625
3914 3918 836249
3324 3384 836537
1056 1061 836713
5290 5323 837035
1040 1035 840602
86 85 841000
172 166 842491
4378 4327 844067
1204 1201 844174
247 265 845646
2096 2093 846374
4117 4111 848409
3879 3885 849592
2709 2648 851142
5052 5101 851687
4055 4053 852017
1501 1489 852797
4122 4116 853183
4595 4599 854462
4448 4394 855388
4027 4023 857191
2919 2980 857784
1713 1716 857868
4155 4202 858308
4263 4317 858865
1793 1789 859239
1695 1683 860155
1730 1848 860250
1046 1039 860319
3858 3848 861042
1056 1066 861337
3843 3847 861383
4641 4589 863604
1280 1926 863715
3690 3693 863876
4307 4309 865876
784 787 865999
1429 1435 866318
4374 4321 866832
1120 1950 867389
2462 2471 867865
90 2159 868557
2842 2783 869191
743 730 869455
3756 143 870217
5045 5039 870590
965 959 872765
4296 4292 873199
2538 2529 873799
1307 1319 875292
2269 2277 876923
885 879 877625
1785 1788 879246
9 796 879371
2996 2936 879383
2855 2796 879911
5264 5311 880275
2536 2541 880668
2989 2986 885027
1133 1130 885184
677 48 885744
1854 2013 889194
4977 5032 891091
4737 4797 893586
1067 1082 895642
2185 2195 897224
412 400 899725
4387 393 899871
2273 2340 900761
430 431 901624
1242 1248 902942
1024 1035 903191
2363 2359 904601
5255 46 904802
5052 630 907602
298 296 909566
4438 411 909705
719 706 910920
245 3540 911868
848 841 914266
2987 2977 914693
3594 3584 914987
4078 4073 915412
698 708 917358
4801 4850 918907
3940 3939 919150
1498 1486 919622
4591 4594 926746
3778 178 927368
723 727 928116
4495 4444 928974
207 3656 931643
1524 1511 934540
1402 1405 935348
3887 3888 935415
1374 1353 936859
3629 3622 937827
1018 1015 947383
132 136 949646
600 582 950842
3320 3387 952833
3372 3370 960048
608 592 961201
340 329 962838
469 484 965140
769 768 967023
4501 4443 967374
1322 1328 967748
1116 1111 969771
737 736 971429
258 262 972230
2710 2774 972249
18 27 973133
3 4 975143
351 3177 980167
4990 4934 981369
4914 4864 981772
882 876 982014
1692 1691 982078
179 16 982772
2265 2202 983622
137 121 983751
3786 3787 985569
3700 3767 990421
4195 4140 992332
1692 1690 993839
1953 1952 994304
634 633 997010
2083 3003 1002643
2680 2678 1004460
3782 5346 1008563
819 813 1009095
1534 1881 1009704
4529 4524 1013775
278 3477 1015454
5330 5332 1018190
5352 5334 1019246
2189 746 1019389
170 158 1020216
2825 2070 1020425
2840 2775 1027721
2237 2295 1030579
4211 4215 1030898
1685 1679 1040268
1381 1390 1040545
3938 3880 1040760
1724 1732 1041757
3587 3589 1045364
1726 1734 1046305
2616 2673 1062822
2689 2754 1064348
1778 1790 1065317
3784 3790 1068319
1478 1483 1071737
801 71 1073138
1548 1540 1076229
1662 1656 1080021
2527 2589 1090070
1502 1492 1090798
735 727 1090830
1 8 1095816
108 107 1104430
14 25 1106825
4239 4242 1108428
1230 1221 1108921
4452 4460 1109447
3594 3585 1113584
4820 4824 1115519
767 758 1116086
1195 1197 1117071
971 968 1117121
2588 2657 1117222
3875 3887 1117333
4978 4974 1117813
5263 5262 1120444
638 641 1127144
2523 2462 1131631
893 894 1137395
1123 1135 1139958
2443 2377 1156965
104 112 1157281
1180 1185 1158118
784 43 1159226
2263 2202 1160256
2526 2532 1160557
3865 3923 1160926
1006 997 1162501
1021 1026 1175553
1809 1802 1191319
5309 5312 1192296
853 849 1195085
4642 4645 1198615
1474 1468 1198950
1099 1097 1199681
1534 1538 1201305
4291 4292 1208880
3858 3864 1218680
5324 5320 1219288
4652 4597 1221500
552 2580 1223909
1350 1354 1232685
2696 2631 1236709
1678 1672 1243542
96 87 1248443
77 88 1251934
3030 3035 1258514
2327 2393 1261022
1178 1167 1265105
1999 2166 1275654
36 53 1277769
943 940 1278223
207 182 1281016
3785 3792 1286149
4803 4801 1288191
975 982 1294675
4165 4169 1309272
682 66 1318163
570 562 1324274
3837 3822 1326968
4850 4901 1330977
909 898 1340894
506 520 1344688
1411 1405 1362469
1179 1181 1366138
5259 5309 1366901
5350 5335 1375621
775 791 1375986
1314 1326 1380275
830 840 1384775
1238 1251 1399641
1257 1255 1402030
985 986 1409428
1194 1208 1414576
1454 1453 1429057
1493 1506 1441794
1038 1022 1458955
4802 4805 1473952
5009 4952 1474261
4715 4720 1484404
668 656 1492196
2289 2358 1514839
4697 4748 1519044
805 821 1519049
1073 1057 1531132
1038 1049 1536463
851 843 1540207
2597 2659 1551630
1476 1477 1558607
1125 1113 1559566
5260 5309 1583074
2164 700 1583472
3832 3844 1591381
1522 1529 1594696
2686 2694 1619851
4966 4911 1621261
1255 1264 1635790
4050 4102 1648032
5281 5321 1674808
742 745 1681784
4602 4544 1685577
2 4 1754408
2739 2798 1758065
60 55 1770475
5348 5350 1795706
956 952 1840512
1333 1341 1859284
4042 3984 1888847
4297 4301 1899220
15 31 1924782
5074 5015 1981971
5344 5349 2004469
1366 1361 2152530
5055 5105 2209544
1286 1293 2391967
65 57 2740324
