84 141 49
157 1 404
50 144 535
100 147 631
114 44 644
95 83 663
38 48 819
132 167 955
121 197 1142
59 143 1181
123 193 1198
18 117 1252
34 98 1310
39 167 1338
58 175 1345
148 79 1375
0 173 1445
21 39 1605
91 64 1647
137 161 1758
104 63 1935
200 184 1986
24 146 2015
78 41 2081
124 9 2276
26 174 2582
128 182 2678
63 171 2705
19 74 3001
137 179 3039
146 183 3072
88 60 3158
99 76 3448
63 16 3459
26 79 3529
22 147 3571
121 58 3588
24 47 3729
199 180 3867
26 47 4207
130 137 4255
152 148 4498
182 47 4587
36 158 4595
137 99 4598
165 180 4719
173 177 4809
65 77 4816
111 71 5251
127 5 5292
188 76 5315
59 72 5477
60 118 5517
23 170 5530
20 85 5923
64 144 5968
92 70 6075
172 144 6183
108 16 6326
20 31 6436
31 77 6483
120 116 6498
23 152 6516
128 60 6670
30 71 6742
120 99 6872
112 178 6995
51 84 7141
26 41 7185
33 48 7236
107 173 7266
52 39 7360
37 180 7391
38 70 7806
96 163 7869
9 77 7913
115 35 7916
55 15 7927
31 76 8043
126 51 8259
128 43 8424
193 68 8644
196 45 8657
132 91 8737
52 148 8759
175 180 8768
146 5 9125
170 94 9574
96 168 9593
20 149 9763
26 178 9780
123 198 9919
146 89 10109
96 183 10252
119 47 10288
40 72 10362
30 151 10469
200 186 10554
179 92 10600
136 127 10628
200 7 10667
130 72 10685
122 41 10743
83 187 10899
137 147 10929
121 36 11049
15 18 11231
26 72 11501
29 37 11697
16 71 11703
180 93 12015
54 194 12418
96 123 12427
134 76 12444
194 193 12867
27 121 13019
49 76 13045
45 147 13161
104 176 13167
146 190 13223
129 93 13313
161 30 13345
4 46 13667
130 66 13991
63 17 14289
124 103 14402
125 68 14716
124 18 14910
199 140 14977
130 192 14996
164 117 15008
36 169 15141
69 31 15333
141 184 15420
123 11 15492
36 61 15681
113 173 15765
131 29 15774
186 5 15835
109 162 15932
42 73 16243
0 188 16397
170 44 16403
61 153 16656
159 40 16700
106 40 16702
68 189 16716
83 72 16753
178 75 16756
84 140 17140
32 49 17210
132 10 17247
96 86 17346
53 195 17479
166 199 17863
56 153 17949
132 97 18017
4 147 18454
115 97 18513
146 102 18685
115 185 18702
110 141 19265
199 13 19767
150 72 20142
131 145 20297
156 40 20504
135 180 20987
192 42 21794
139 71 22380
186 19 22752
36 98 23132
138 22 23596
67 60 23798
62 180 23868
116 101 23928
195 105 23961
59 181 23983
35 1 24148
99 160 25222
3 148 25434
197 142 27173
174 6 27398
28 150 27670
160 12 28004
201 47 28164
80 31 28923
137 87 29149
127 14 30430
7 2 30738
195 160 31289
26 8 31573
191 186 36627
109 19 37089
129 81 37782
90 43 41839
135 57 44535
25 127 45852
109 154 47101
133 147 60038
82 98 63701
33 155 71364
