181 239 88
282 160 250
213 30 320
26 100 399
147 114 421
115 6 425
91 177 616
32 258 710
251 220 719
263 155 729
67 79 776
287 262 869
57 117 968
171 97 1046
295 235 1131
11 200 1142
101 33 1325
57 110 1709
229 157 1800
138 168 1849
268 58 1913
263 245 1939
213 23 1986
36 142 2057
172 155 2089
10 77 2498
242 158 2703
57 30 2854
300 126 3071
58 167 3260
61 205 3571
282 291 3891
259 15 4160
283 271 4180
289 47 4308
285 298 4312
248 106 4336
127 92 4581
219 208 4702
236 232 4725
136 267 5085
83 252 5141
259 96 5185
294 295 5273
20 101 5342
104 182 5431
257 16 5448
176 69 5583
183 159 5621
161 115 5695
264 144 6117
286 72 6172
299 62 6245
283 16 6389
27 34 6448
106 151 6509
105 202 6595
269 9 6624
297 72 6702
244 153 7053
257 61 7114
127 52 7507
95 294 7520
30 6 7540
190 250 7663
210 192 7783
58 221 7823
20 0 7849
63 236 7868
53 15 7869
219 51 7928
136 182 7986
298 168 7989
160 49 8258
106 5 8329
85 168 8382
4 55 8421
143 1 8465
255 70 8535
158 231 8541
69 14 8613
19 167 8750
37 145 8799
300 92 8933
63 186 9049
4 260 9265
128 184 9654
99 165 9901
226 202 10105
183 207 10144
92 36 10167
55 249 10179
280 164 10262
242 117 10287
295 256 10289
95 141 10473
164 178 10498
173 47 10589
220 89 10664
224 291 10697
289 93 10906
143 42 11072
255 12 11165
146 33 11201
288 141 11296
127 39 11464
199 42 11510
23 11 11639
69 151 11756
131 37 11797
143 121 11866
58 250 12180
33 184 12269
174 163 12300
0 220 12414
299 144 12434
31 233 12488
294 191 12525
256 279 12534
93 181 12583
273 151 12697
215 89 12744
178 277 13106
199 258 13314
52 149 13395
183 46 13409
219 300 13469
243 42 13513
6 276 13544
163 230 13593
219 104 13621
30 186 13669
146 43 13755
232 261 13791
286 47 13858
218 208 13934
268 279 13950
170 1 13962
193 168 14395
269 250 14399
113 36 14415
38 69 14460
46 154 14468
219 137 14490
114 207 14517
160 279 14588
122 188 14808
66 168 14848
101 86 14857
270 148 15074
28 209 15108
82 167 15146
163 126 15247
28 85 15255
30 19 15373
289 162 15648
13 39 15662
108 42 15727
112 203 15893
59 175 15928
52 290 16070
289 68 16132
285 74 16149
57 223 16151
139 21 16213
8 89 16250
23 147 16369
130 161 16424
214 252 16488
258 82 16540
299 66 16622
183 12 16739
230 202 16756
128 255 16824
29 249 16852
280 207 16875
278 160 16903
39 66 17107
259 193 17187
187 277 17351
260 246 17411
149 154 17443
265 18 17543
65 157 17549
124 47 17612
219 81 17785
50 34 17844
104 233 17950
91 43 18091
102 239 18158
55 253 18316
289 283 18431
30 189 18435
147 150 18591
4 103 18624
278 41 18749
65 156 19385
24 225 19409
29 181 19462
249 252 19576
64 229 19606
216 62 19722
273 15 19993
284 9 20444
262 183 20560
196 142 20566
24 8 20596
203 253 20608
269 227 20774
11 73 21707
164 64 21802
187 228 21945
23 194 22002
51 204 22119
212 219 22384
196 148 22506
71 89 23055
218 21 23085
20 78 23146
136 67 23273
10 44 23289
221 44 23390
266 259 23420
54 230 23731
285 274 24006
182 153 24308
188 158 24330
80 172 24856
240 231 25089
100 79 25322
139 145 25393
147 155 25554
105 185 25629
155 40 25941
249 69 26068
133 227 26184
17 43 26230
270 222 26536
70 107 26891
134 148 26991
169 10 27025
262 180 27220
20 3 27355
171 250 27828
210 122 28282
116 157 28509
138 99 28641
275 97 29276
84 70 29404
272 148 29820
132 75 30398
217 33 30787
265 270 30837
292 45 31071
60 207 31353
140 207 31358
206 31 31423
214 75 31510
210 166 31815
195 66 32537
53 293 32580
175 173 32635
22 158 32921
292 198 33543
91 48 33731
119 177 33793
200 125 34005
81 179 34535
247 208 34832
241 145 35633
278 123 35776
88 141 35817
60 45 36282
135 176 36500
87 109 36828
20 56 37946
211 281 37960
178 98 39480
94 151 39742
118 205 40269
296 254 40384
197 238 40764
212 281 40851
147 197 41029
103 234 42042
189 201 42237
80 7 43044
34 150 43360
13 237 43413
207 76 43877
25 106 44778
111 206 45959
87 292 46275
258 120 48718
211 35 50983
152 158 51471
296 277 51675
25 90 61623
135 2 85149
129 249 144363
