24 -1
25 -1
26 -1
27 -1
20 -1
21 -1
22 -1
23 -1
28 -1
29 -1
0 -1
4 -1
8 -1
87 -1
120 -1
121 -1
122 -1
123 -1
124 -1
125 -1
126 -1
127 -1
128 -1
59 -1
58 -1
55 -1
54 -1
57 -1
56 -1
51 -1
50 -1
53 -1
52 -1
115 -1
114 -1
88 -1
89 -1
111 -1
110 -1
113 -1
112 -1
82 -1
83 -1
80 -1
81 -1
86 -1
118 -1
84 -1
85 -1
3 -1
7 -1
108 -1
109 -1
102 -1
103 -1
100 -1
101 -1
106 -1
107 -1
104 -1
105 -1
39 -1
38 -1
33 -1
32 -1
31 -1
30 -1
37 -1
36 -1
35 -1
34 -1
60 -1
61 -1
62 -1
63 -1
64 -1
65 -1
66 -1
67 -1
68 -1
69 -1
2 -1
6 -1
99 -1
98 -1
91 -1
90 -1
93 -1
92 -1
95 -1
94 -1
97 -1
96 -1
11 -1
10 -1
13 -1
12 -1
15 -1
14 0
17 -1
16 16
19 119
18 1211
117 -1
116 1359
48 2169
49 2320
46 53
119 1897
44 700
45 3403
42 782
43 1170
40 899
41 3585
1 2658
5 819
9 2548
77 487
76 991
75 1483
74 141
73 2976
72 1702
71 2191
70 1292
79 1172
78 2369
47 1452
