24 2
25 1
26 2
27 1
20 2
21 2
22 1
23 1
28 1
29 1
0 1
4 2
8 1
119 1
120 1
121 1
122 1
123 1
124 1
125 1
126 1
127 1
128 1
118 0
59 1
58 -1
55 2
54 2
57 2
56 2
51 1
50 2
53 1
52 1
115 2
114 1
117 2
89 2
111 1
110 2
113 -1
112 2
82 2
83 1
80 2
81 1
86 1
87 2
84 -1
85 2
3 1
7 1
108 2
109 1
102 1
103 1
100 1
101 2
106 -1
107 1
104 1
105 1
39 1
38 2
33 2
32 1
31 2
30 1
37 1
36 2
35 1
34 2
60 -1
61 -1
62 1
63 2
64 1
65 1
66 1
67 2
68 2
69 1
2 1
6 1
99 1
98 1
91 1
90 1
93 1
92 1
95 2
94 1
97 2
96 1
11 1
10 -1
13 1
12 2
15 1
14 1
17 2
16 1
19 2
18 1
88 2
116 2
48 1
49 1
46 1
47 2
44 1
45 2
42 1
43 1
40 1
41 1
1 2
5 1
9 1
77 2
76 1
75 2
74 2
73 1
72 2
71 2
70 1
79 2
78 1
