24 -1
25 -1
26 -1
27 -1
20 -1
21 -1
22 -1
23 4
28 2
29 -1
0 2
4 -1
8 -1
59 3
58 -1
55 -1
54 -1
57 0
56 3
51 2
50 -1
53 -1
52 -1
88 1
89 -1
82 1
83 -1
80 1
81 -1
86 -1
87 -1
84 -1
85 -1
3 -1
7 3
100 4
39 1
38 -1
33 -1
32 -1
31 -1
30 -1
37 -1
36 1
35 2
34 -1
60 -1
61 -1
62 1
63 -1
64 -1
65 2
66 -1
67 1
68 -1
69 2
2 -1
6 -1
99 -1
98 -1
91 -1
90 -1
93 1
92 -1
95 2
94 -1
97 3
96 -1
11 -1
10 1
13 2
12 3
15 -1
14 -1
17 -1
16 2
19 -1
18 -1
48 -1
49 3
46 -1
47 -1
44 -1
45 1
42 -1
43 -1
40 -1
41 -1
1 -1
5 -1
9 -1
77 1
76 -1
75 -1
74 -1
73 -1
72 -1
71 -1
70 -1
79 -1
78 -1
