1388
1812
1426
1319
2097
1211
1690
1189
953
1347
856
694
1528
568
1685
2198
1312
498
926
494
676
481
649
469
1976
433
766
2027
2196
521
350
1968
2129
1160
999
1719
1149
809
1715
784
1228
1424
899
1914
1745
2178
1705
1871
1199
365
2002
1468
1367
1780
1307
1205
1064
339
335
328
848
954
514
1646
994
631
2073
1822
609
1768
326
791
765
324
2005
759
932
306
680
1814
1003
300
1829
1628
752
1400
2059
1746
293
298
781
1184
1197
616
286
259
2092
1446
1963
2113
1931
1322
2024
760
2090
624
2057
1404
1982
1952
782
2099
1644
1783
1902
2069
1890
1380
1373
1250
230
922
1602
197
1532
1146
358
1860
182
261
177
175
1805
1679
162
1155
158
1927
2182
820
1241
2010
1835
1569
571
777
1290
758
1438
1623
604
153
131
183
1776
490
283
128
2112
1055
120
642
463
147
679
1413
1635
366
396
626
1803
217
835
130
580
1231
443
1655
1094
1949
1905
1156
491
2048
2187
818
1369
439
384
1058
575
126
2071
1247
547
1227
1501
802
104
1691
670
1109
1063
1875
911
1913
613
1368
1127
1138
2065
1092
1937
1826
584
1544
984
842
1631
354
1268
2134
817
1101
1102
2058
209
1148
1736
476
216
1030
1462
1119
698
707
2201
1019
801
683
285
1295
1627
1011
1006
819
1351
955
1987
269
840
1703
122
1520
1461
2036
762
1352
1310
114
1225
92
1266
1979
1035
1500
1904
75
181
1427
187
1550
115
296
1398
2044
151
1341
1620
1116
1009
254
544
411
1273
66
1820
1708
1479
1770
136
1811
1977
1264
674
179
1158
675
61
1140
1650
628
1176
251
1961
149
77
2192
2078
1191
1915
854
1337
1925
55
1744
370
1856
2200
241
51
1218
1439
1818
1349
1898
323
979
564
1251
606
2110
223
546
2043
1201
2015
442
1240
1923
1108
1920
1853
1379
453
1641
1543
704
192
337
1167
2083
960
1673
808
1956
1202
1668
1494
1558
1233
1945
1919
1841
1027
983
1729
294
739
816
756
1545
1131
531
978
1885
1206
1098
1610
1574
1402
1514
1921
287
1730
865
1114
1609
1005
1813
472
601
353
1095
194
592
1458
1962
1229
316
1851
761
1567
305
2030
1185
1630
1554
663
1412
60
1110
1687
139
2085
555
47
1309
1370
388
357
205
2046
1728
518
1916
441
2070
45
1455
1521
552
499
44
1066
53
878
1889
1810
1203
1584
1255
902
1496
1590
1091
753
281
479
1524
1731
1415
1740
644
1969
1383
830
1453
1012
234
776
1302
446
804
1600
338
722
1565
1478
1071
163
798
2176
794
347
1595
477
940
450
778
1766
2018
220
1992
143
397
513
373
545
2074
1274
527
957
944
405
111
1272
633
1450
2195
1342
1806
806
2055
1798
2067
2156
618
480
1087
1283
363
1276
1246
1038
1048
1443
430
2131
383
113
1665
747
211
873
1052
1827
1515
2109
393
1525
1928
1930
540
2089
1445
726
1106
524
582
1147
1054
501
1331
1111
1633
271
538
1339
1263
1581
1901
156
2163
811
1403
630
705
381
1951
870
1099
28
1150
334
1872
416
652
172
242
50
1748
1777
754
1493
454
519
2104
387
1235
2091
2022
1077
1614
1531
1733
2121
1995
1421
180
872
774
908
1254
21
1997
2098
1657
895
321
2185
2025
746
1259
656
1473
951
742
1014
410
1088
512
1697
1357
1593
1993
495
2133
1906
1472
1143
928
741
607
1591
724
1761
1576
1658
516
1504
1834
986
2111
248
1097
1188
589
451
610
573
107
1594
1572
1718
2017
2093
725
566
1723
1120
1221
1782
161
1809
456
277
773
1422
1162
620
468
1407
1986
1808
857
70
1831
2168
1671
399
36
1519
2077
658
1285
1051
1075
732
1057
682
310
1553
587
1621
1249
1589
2096
1570
1971
2028
37
1288
1137
1784
395
1208
404
688
2037
635
996
1597
2159
1720
1837
1612
1765
1891
1702
155
390
1639
460
141
1152
1642
590
1487
1907
1314
2007
2189
280
993
1324
1429
1539
236
1215
1790
402
1959
1361
1970
1386
2094
862
1660
645
1315
1327
1789
1043
1049
159
542
176
1848
1983
264
1712
432
1262
2117
2053
1699
1080
970
2049
1757
585
1909
1313
2193
196
588
1868
881
799
1392
2064
997
1704
30
1894
435
697
1892
733
1118
985
1653
711
265
386
32
1134
775
109
48
88
2116
793
693
1791
255
879
1056
898
1196
1070
349
374
25
299
517
274
85
522
687
1518
290
1850
249
1900
924
452
1026
489
850
690
843
1145
1336
1480
629
948
267
2066
1135
142
1958
1974
662
2035
1603
219
581
327
20
1924
1269
1173
1105
1448
1991
1947
1041
1912
407
1306
18
1870
1089
634
40
1503
1257
466
482
770
2086
1474
1045
1972
1477
134
1944
2152
1136
903
1537
12
360
1321
578
101
1488
1936
896
914
470
2107
1226
2160
11
561
1571
13
42
603
556
2125
751
89
320
1922
2171
860
1771
1178
1022
1950
1604
813
1774
1825
1667
992
946
1821
1854
562
325
583
975
1656
129
2151
1534
971
235
943
837
208
1625
505
1132
376
1678
1555
1237
190
554
855
195
2172
1946
1985
1981
1457
1926
67
1355
2119
2204
1596
488
93
967
1865
1861
1508
74
1476
2161
533
1756
58
1033
858
1727
1957
1216
112
2040
1764
1629
319
1234
745
1396
1010
1410
1713
1028
1186
1786
2173
486
1299
233
1065
500
445
673
824
459
63
227
2148
876
931
1640
1220
654
2183
400
464
2122
221
1304
1580
504
2135
839
214
1425
1767
1942
2174
1815
2140
1223
1663
461
475
309
608
1934
1592
1330
117
39
127
425
422
2179
1917
888
1300
417
252
1434
1749
709
785
270
1752
1787
563
893
990
1291
2141
1190
1128
503
68
484
80
1967
1239
1320
1540
1647
1755
1187
1878
359
1372
1117
1025
371
863
836
1356
379
1698
1296
1179
919
1463
380
1556
2032
418
1073
525
1374
1598
1763
1795
1775
243
930
998
237
372
199
1298
1469
2139
889
1636
1153
1735
1888
2082
647
1701
125
723
1560
543
1533
41
976
909
224
787
551
1007
1084
2199
1616
639
2136
1670
667
764
1734
160
1586
1175
768
803
2000
1802
1824
1244
273
423
1546
262
1887
2137
965
279
2149
329
2014
1797
258
449
535
1938
1611
981
594
1994
191
406
483
169
15
207
1893
1684
110
105
851
877
2169
780
1548
991
295
1585
1164
2012
619
1781
288
1649
419
1601
586
1419
989
1004
106
1626
894
977
1394
1414
696
844
641
1830
1021
437
210
81
1040
1440
807
368
2153
1483
408
1139
2177
1449
1020
1292
1608
1932
528
2127
1517
351
1499
1431
1867
1486
2075
1265
1432
660
389
1547
969
719
1126
1648
1677
1939
825
659
691
1857
1107
1079
303
1086
1159
1716
314
792
2164
869
868
1725
1984
769
1836
1059
1796
238
938
1242
669
2143
572
1688
622
1399
1552
86
1253
2203
2042
2011
1632
701
355
1032
2184
797
2006
1557
1340
1393
1222
2081
2145
834
1335
204
1793
757
1354
213
336
2056
1297
1578
1442
1559
1876
961
1286
1516
1638
1454
2054
1634
447
1423
1395
605
1441
832
1294
995
291
567
1843
1082
1911
852
414
1008
1618
915
721
671
429
1252
1284
510
1436
823
1497
2063
1564
2124
1376
1693
1050
2045
94
2123
1681
1170
1855
925
1018
569
1568
907
1651
1895
438
1742
1417
2013
1401
1100
1738
65
401
2186
332
1988
942
1527
1182
1918
1561
2202
10
2197
1213
672
1535
202
448
2102
920
2076
668
880
763
1897
1498
1823
646
2016
1664
377
1579
35
1303
2001
1345
1381
686
2167
1502
497
1193
1839
1409
409
859
1694
789
1326
2020
2062
1157
2180
1859
394
1490
1435
229
718
1328
1360
874
29
897
1317
1397
1169
1282
1180
913
340
2003
695
1751
1759
1209
595
346
1444
52
596
38
743
2008
2130
1778
1258
1151
1619
958
1507
72
1359
974
1343
665
1123
1277
1680
457
2101
1874
664
2019
1358
1529
949
415
615
1214
1828
100
507
1375
720
1858
1908
54
244
1115
90
936
771
1204
1769
681
750
1758
1863
2165
206
1513
465
1053
621
623
1940
1724
1271
1198
1181
1224
1711
228
250
845
728
1174
1741
1333
1682
1726
534
699
703
245
79
1015
99
215
345
755
1492
2118
1125
145
1998
648
317
1332
767
1652
861
71
121
744
1074
1615
165
1390
257
692
84
1389
458
2120
1852
313
1013
2170
83
157
887
1171
702
284
132
657
539
426
431
1864
1990
471
22
455
1686
1645
14
822
193
203
2087
154
218
1732
530
487
1846
1122
1510
1391
375
1706
96
828
1060
2004
403
26
1016
31
1683
653
643
1953
853
364
509
1965
786
1607
637
1542
651
2155
1792
1029
1541
1141
1700
308
420
1840
1676
7
805
962
1387
1377
1495
1669
1459
968
886
1382
2138
1575
713
2034
972
866
201
1280
1301
712
795
1130
185
941
1754
2114
1036
1599
1177
1001
318
1884
2191
330
57
1588
912
56
1948
980
796
1212
749
829
1800
2146
1654
2009
1485
341
1334
247
1512
116
276
716
331
1293
2026
178
1121
1428
1411
2181
929
1954
292
246
62
1666
225
1230
1973
6
790
315
1709
2147
689
666
1707
307
1772
1172
625
428
1183
135
342
1384
883
1899
1692
1363
78
189
1323
939
1460
541
140
508
474
1747
1260
973
738
266
1844
934
1943
1587
1883
812
124
232
964
650
2080
1481
240
599
1350
661
714
684
1538
171
1278
988
947
1714
289
1980
1068
473
748
966
168
905
1245
1674
427
1104
1760
268
1737
1773
1896
1142
1549
34
24
1456
502
715
1192
2162
2154
1210
1408
1165
987
344
882
548
1721
1362
146
311
565
655
1903
5
553
1044
64
138
1238
2088
532
1430
1801
1364
1807
1329
710
559
1816
1113
611
1886
1371
2128
2023
638
263
1232
1819
297
391
1999
558
1133
511
1039
591
33
1832
4
737
729
1129
708
526
1675
2100
1346
1484
166
133
2039
2021
1289
917
921
1659
1470
1849
678
1929
1605
1817
916
1353
1287
537
424
847
841
1219
333
123
1622
1975
356
367
1996
1509
1471
727
1838
378
884
1024
434
59
1017
1866
1877
462
222
600
1964
1447
1563
278
617
577
282
212
1061
982
1366
1710
1416
1624
1882
1256
814
1562
1530
102
923
871
148
1405
369
849
1078
1124
186
69
91
1933
892
1365
1000
706
1023
2038
1582
312
901
937
2115
118
1910
614
1551
523
352
398
302
253
1833
831
890
362
1083
875
1779
918
900
506
935
1067
46
2051
740
1577
1217
536
1046
304
1573
1034
1873
1451
1522
239
910
256
1955
788
1406
933
557
677
1794
1318
1799
529
1785
385
945
2166
2103
576
3
579
2060
2052
108
440
2188
103
1344
927
2029
1466
174
570
2157
1613
167
200
1085
1467
231
2
1002
1338
612
343
2095
27
1506
1385
700
1062
198
382
1031
2108
627
1
1978
150
1966
1243
815
810
952
1762
436
478
1696
2041
1161
9
137
1103
1617
1536
1637
16
1069
2144
1989
520
184
361
885
1270
1695
2105
1941
1788
98
1420
1037
1076
144
1308
1505
1881
1168
959
597
906
827
1606
97
560
23
87
1845
1643
2194
1743
846
1879
2068
779
49
2175
493
73
152
1750
963
2132
392
1163
1166
95
736
550
1847
43
173
685
1418
413
2158
1689
1325
170
164
1348
640
1305
1090
1081
1566
1583
833
593
2126
950
1207
444
1753
467
1279
1804
731
1475
730
598
515
2033
1096
549
1093
1960
1526
1464
2150
1482
891
1842
1281
602
772
1465
632
735
8
1511
838
2050
1194
421
82
867
1662
2031
1869
226
348
1047
1154
2047
1316
1311
1236
1880
2106
2072
1267
1862
1261
492
1523
301
800
1433
2142
275
322
821
1672
19
1042
734
1248
1489
717
1200
904
188
1452
1144
2079
412
864
1437
1275
1491
17
574
272
496
1717
1112
2084
1722
1195
260
1072
485
783
2061
0
1739
1661
76
119
1378
826
2190
1935
956
636
