1189
694
1528
568
1685
2198
1312
131
183
1776
490
283
1388
481
1812
1426
1211
1690
953
1347
300
1628
752
1400
2059
1746
92
1035
66
1479
136
1977
1264
674
649
469
1976
326
791
765
1829
286
175
1805
1679
1
1978
150
1966
1243
815
810
952
1762
328
1822
609
120
463
147
679
1413
1635
366
396
626
1803
1266
1500
1820
1770
1811
179
1158
675
293
1184
616
642
217
835
130
580
1231
443
1655
1094
436
478
1696
2041
1161
9
137
1103
1617
848
298
954
781
514
1646
197
1532
1768
1197
162
1949
1905
1156
491
2048
2187
818
1369
439
384
1979
1904
1708
45
1455
1521
552
499
1155
1058
575
126
2071
1247
547
1227
1501
802
1536
144
1308
1505
1881
1168
959
597
906
21
1997
2098
1657
895
321
2185
2025
746
1259
656
1473
951
742
1014
7
805
962
1387
1377
410
1088
1761
1576
1572
1718
620
468
1407
1986
1808
857
70
1831
2168
1671
399
36
1495
1669
1459
968
886
1519
2077
658
1285
1051
1075
732
1057
682
310
1553
587
1382
2138
1575
713
2
280
993
1324
1327
1789
1043
1049
159
542
176
1848
1983
264
1637
827
1606
97
560
23
87
1845
1643
1712
432
881
799
1392
2064
997
1704
30
1894
435
16
2194
95
736
550
1847
43
173
685
697
1892
733
1118
985
1653
711
265
386
1069
1743
1418
413
2158
1689
1325
170
164
350
1968
2129
1160
999
1719
1149
809
1715
128
10
35
1303
2001
1345
1381
686
2167
784
1228
1424
899
1914
1745
2178
1705
1871
1199
365
2002
1468
1367
1780
1307
1205
1064
177
12
259
2092
1446
1963
2113
1931
1322
2024
2112
2197
1502
1328
1360
874
29
897
1317
760
2090
624
2057
1404
44
53
878
1889
1810
1203
1584
1255
902
1496
1590
1091
753
360
1982
1952
782
2099
1644
1740
1969
1383
830
1453
1012
234
776
1302
446
804
1600
338
1321
1783
1890
1380
1373
1250
798
450
397
513
373
545
2074
1274
527
957
944
405
111
578
1902
2069
230
922
1602
1055
1213
497
1397
1169
1282
1180
913
340
75
181
1427
187
1550
115
672
1193
2003
695
1751
1759
1209
595
296
1116
544
2176
778
1272
633
1450
2195
1342
1806
806
2055
1798
2067
2156
101
1398
1009
411
794
1766
618
1276
430
747
211
873
1052
1827
1515
2109
393
1488
2044
254
1273
347
2018
480
1246
2131
1525
1928
1930
540
2089
1445
726
1106
1936
151
1341
1620
1535
1839
346
1444
52
596
38
743
55
1744
1595
220
1087
1038
383
524
1054
501
1331
1111
1633
271
538
896
370
1856
477
1992
1283
1048
113
582
1339
1263
1581
1901
156
2163
811
914
2200
241
940
143
363
1443
1665
1147
1403
630
705
381
1951
870
1099
470
202
448
2102
920
2076
668
880
763
1897
1498
1823
646
2016
1664
377
1579
1409
409
859
1694
789
1326
2020
2062
1157
2180
1859
394
1490
1435
229
718
2008
2130
1778
1258
1151
1619
958
1507
72
1359
974
1343
665
1123
1277
1680
457
2101
1874
664
2019
1358
1529
949
415
615
1214
1828
100
507
1375
720
1858
1908
54
244
1115
90
936
771
1204
1769
681
750
1758
1863
2165
206
1513
465
1053
621
623
1940
1724
1271
1198
1181
1224
1711
228
250
845
728
1174
1741
1333
1682
1726
534
699
703
245
79
1015
99
215
345
755
1492
2118
1125
145
1998
648
317
1332
767
1652
861
71
121
744
1074
1615
165
324
2005
4
133
1289
917
921
1659
1470
1849
678
1929
1605
1817
916
1353
1287
306
680
1814
737
2039
537
847
1219
333
123
1622
1975
356
367
1996
1319
2097
335
5
494
153
498
926
759
932
1129
1877
222
600
1964
1447
1563
278
617
577
282
212
676
1003
856
1509
182
1471
261
727
1061
982
1366
433
994
1146
766
512
1429
158
820
1241
2010
1835
11
561
1571
13
42
603
556
2125
751
89
320
1922
2171
860
1658
2017
1621
2037
635
1771
1022
1604
1774
1667
992
946
1821
1854
2034
1177
1001
318
1002
1262
32
1070
349
374
1178
1950
813
1825
562
2144
846
1348
1279
1482
82
2072
1042
1491
2027
2196
1927
1569
571
777
1290
1132
1926
2161
533
1756
58
1033
858
1727
1957
1216
112
2040
1764
521
339
2182
758
1438
1623
604
376
67
1629
319
1234
745
1396
1010
1410
1713
1028
1186
1786
2173
51
1218
1439
1818
1349
1898
323
979
564
1251
606
2110
223
546
2043
1201
2015
442
1678
1355
486
1299
233
1065
500
445
673
824
459
63
227
2148
1240
1923
1108
1920
1853
1379
1555
2119
876
931
1640
1220
654
2183
400
464
2122
221
1304
1580
453
1641
1543
704
192
337
1167
2083
960
1673
808
1956
1202
1668
1494
1237
2204
504
1223
1663
461
475
309
608
1934
1592
1330
117
39
1558
1027
983
1729
294
739
816
756
1545
1233
28
416
652
172
242
50
1748
1777
1945
1150
754
519
2104
387
1235
2091
2022
1919
1841
190
1596
2135
127
1434
1749
709
785
270
1752
1787
563
893
990
334
1872
554
488
839
425
1291
2141
1190
1128
503
68
484
80
1967
1239
1493
454
855
93
214
422
1320
1540
1647
1755
1187
1878
359
1372
1117
1025
1077
1614
1531
1733
2121
1995
1421
180
872
774
908
1254
195
967
1425
2179
371
863
836
1356
379
1698
1296
1179
919
1463
2172
1865
1767
1917
380
525
1374
1598
1763
1795
1775
243
930
998
1946
1985
1981
1457
1861
1508
74
1476
1942
2174
1815
2140
888
1556
237
372
199
1298
1469
2139
889
1636
1153
1300
2032
1735
1888
2082
647
1701
125
723
1560
543
417
418
1533
976
909
224
787
551
1007
1084
2199
252
1073
41
1616
639
2136
1670
667
764
1734
160
631
358
1697
516
2093
1249
996
1639
295
1040
528
2127
1517
351
1499
1431
1867
972
1884
2146
1654
1338
1539
2117
1134
25
299
517
106
291
567
1843
1082
1989
1879
640
1804
891
867
1267
734
17
2073
1357
1504
725
1589
1597
460
1585
1440
1486
825
869
572
1032
1793
1516
866
2191
2009
1121
612
1131
1593
1834
566
2096
2159
141
1164
807
2075
659
868
1688
2184
757
1638
201
330
1485
1428
343
531
978
1885
1206
1098
1610
1574
1402
1514
1921
287
1993
986
1723
1570
1720
1152
2012
368
1265
691
1725
622
797
1354
1454
1280
57
341
1411
2095
495
2133
1906
1472
1143
928
741
607
1591
724
2111
248
1097
1188
589
451
610
573
107
1594
1120
1971
1837
1642
619
2153
1432
1857
1984
1399
2006
213
2054
1301
1588
1334
2181
27
1221
2028
1612
590
1781
1483
660
1107
769
1552
1557
336
1634
712
912
247
929
1506
1782
161
1809
456
277
773
1422
1162
37
1765
1487
288
408
389
1079
1836
86
1340
2056
447
795
56
1512
1954
1385
1288
1891
1907
1649
1139
1547
303
1059
1253
1393
1297
1423
1130
1948
116
292
700
1137
1784
395
1208
404
688
1702
155
390
20
1269
1173
1314
2007
2189
1924
1105
1448
419
2177
969
1086
1796
2203
1222
1578
1395
185
980
276
246
1062
1601
1449
719
1159
238
2042
2081
1442
605
941
796
716
62
198
586
1020
1126
1716
938
2011
2145
1559
1441
1754
1212
331
1666
382
1419
989
1004
1292
1648
314
1242
1632
834
1876
832
2114
749
1293
225
1031
1608
1932
1677
792
669
701
1335
961
1294
1036
829
2026
1230
2108
1939
2164
2143
355
204
1286
995
1599
1800
178
1973
627
1860
236
2053
775
274
85
522
1626
1911
823
1855
925
520
2068
1305
731
1842
1662
1862
1248
574
1730
1215
1699
109
687
843
1145
894
852
1497
1018
569
184
779
1090
1475
1281
2031
1261
1489
272
865
1114
1609
1005
1813
472
601
353
1095
194
592
1790
1080
48
1518
1336
1480
977
414
2063
1568
65
361
49
1081
730
602
1869
492
717
496
402
970
88
290
629
1974
1394
1008
1564
907
401
885
2175
1566
598
772
226
1523
1200
1717
1959
1361
1970
1386
2094
862
1660
645
1315
2049
2116
1850
948
662
1414
1618
2124
1651
2186
1270
493
1583
515
1465
348
301
904
1112
1757
793
249
267
2035
696
915
1376
1895
332
1695
73
833
2033
632
1047
800
188
2084
585
1909
1313
2193
196
588
1868
693
1900
2066
1603
844
721
1693
438
1988
2105
152
593
1096
735
1154
1433
1452
1722
1791
255
879
1056
898
1196
924
1135
219
641
671
1050
1742
942
1941
1750
2126
549
8
2047
2142
1144
1195
452
142
581
1830
429
2045
1417
1527
1788
963
950
1093
1511
1316
275
2079
260
1026
489
850
690
1958
327
1021
1252
94
2013
1182
98
2132
1207
1960
838
1311
322
412
1072
1991
1947
437
1284
2123
1401
1918
1420
392
444
1526
2050
1236
821
864
485
1041
1912
407
210
510
1681
1100
1561
1037
1163
1753
1464
1194
1880
1672
1437
783
1306
81
1436
1170
1738
2202
1076
1166
467
2150
421
2106
19
1275
2061
104
1691
670
1109
1063
1875
911
1913
613
1368
1127
1138
2065
1092
1937
1826
584
1544
984
842
1631
354
553
1044
1268
2134
817
1101
1102
526
462
1710
1416
1624
1882
1256
814
2058
2088
532
1430
1801
1364
708
1562
1405
369
849
1078
1124
186
69
91
1933
892
1365
1000
706
1807
1329
1113
611
1886
1371
1675
1530
1023
937
2115
118
1910
614
1551
523
352
398
302
253
1833
831
890
362
1083
2128
2023
638
263
2100
102
2038
875
1779
918
900
506
935
1067
46
2051
740
1577
1217
209
1148
1736
476
216
1030
1462
729
2021
424
841
1838
378
884
1024
434
59
1017
1866
1119
698
707
2201
1019
801
683
285
1295
1627
1011
1006
819
18
1870
1089
634
40
1503
1257
2107
64
710
1232
1819
297
391
1346
923
1582
536
1046
304
1573
1034
1873
1451
1522
239
910
256
1955
1351
955
1987
269
840
1458
761
1630
1110
1390
83
157
887
1171
702
284
132
1703
122
1520
1461
2036
1962
1567
1554
1687
257
657
1645
14
822
193
203
2087
762
1352
1310
114
1225
1229
305
663
139
692
539
154
375
1706
96
828
1060
61
1140
1650
628
1066
281
479
1524
1731
1415
466
482
770
2086
1474
1045
1972
1226
1176
251
1961
149
644
722
1565
1478
1071
163
1477
134
1944
2152
1136
903
1537
2160
77
2192
2078
316
2030
1412
2085
84
426
218
2004
403
26
1016
31
1191
1915
854
325
583
975
1656
129
2151
1534
971
235
943
837
208
1625
505
1337
1925
1851
1185
60
555
1389
431
1732
1683
1965
1792
1840
1676
47
1309
1370
388
357
205
458
1864
530
653
786
1029
3
579
2046
1728
518
1916
441
2070
2120
1990
487
643
1607
1541
2060
2052
1586
1175
768
803
2000
1802
1852
471
1846
1953
637
1141
108
1085
1824
1244
273
423
1546
262
313
22
1122
853
1542
1700
440
1467
1887
2137
965
279
2149
329
1013
455
1510
364
651
308
2188
231
2014
1797
258
449
535
1938
1611
981
594
1994
191
406
2169
780
1548
991
2170
1686
1391
509
2155
420
103
0
483
6
790
315
1709
2147
689
666
1707
307
1772
1344
1739
169
1172
625
428
1183
135
342
1384
883
1899
1692
927
1661
15
207
1893
1684
110
105
851
877
1363
78
189
1323
939
1460
541
140
508
474
2029
76
1747
1260
973
738
266
1844
934
1943
1587
1883
812
124
232
964
650
2080
1466
119
1481
240
599
1350
661
714
684
1538
171
1278
988
947
1714
289
174
1378
1980
1068
473
748
966
168
905
1245
570
826
1674
427
1104
1760
268
1737
1773
1896
1142
1549
34
24
1456
502
2157
2190
715
1192
2162
2154
1210
1408
1165
987
1613
1935
344
882
548
1721
1362
167
956
146
311
565
655
1903
200
636
138
559
1999
558
1133
511
1484
871
312
788
1406
933
557
677
1794
1318
1799
529
1785
385
945
1238
1816
1039
591
33
1832
166
148
901
2166
2103
576
